0 4.05107e+10
1 6.06932e+10
2 5.4371e+10
3 4.62854e+10
4 3.93069e+10
5 3.35585e+10
5 3.35585e+10
6 2.49932e+10
7 1.89926e+10
8 1.47666e+10
9 1.17867e+10
10 9.68421e+09
10 9.68421e+09
11 9.51416e+09
12 1.0219e+10
13 1.0977e+10
14 1.17122e+10
15 1.24206e+10
15 1.24206e+10
16 1.14527e+10
17 9.84874e+09
18 8.57805e+09
19 7.64618e+09
20 6.97071e+09
20 6.97071e+09
21 7.81876e+09
22 9.49451e+09
23 1.13137e+10
24 1.32235e+10
25 1.52264e+10
25 1.52264e+10
26 1.41737e+10
27 1.18085e+10
28 9.93189e+09
29 8.57987e+09
30 7.62048e+09
30 7.62048e+09
31 8.45829e+09
32 1.02467e+10
33 1.2192e+10
34 1.42316e+10
35 1.63678e+10
35 1.63678e+10
36 1.52322e+10
37 1.26939e+10
38 1.06804e+10
39 9.22988e+09
40 8.20058e+09
40 8.20058e+09
41 9.10505e+09
42 1.10328e+10
43 1.31295e+10
44 1.53281e+10
45 1.76307e+10
45 1.76307e+10
46 1.64082e+10
47 1.36742e+10
48 1.15054e+10
49 9.94295e+09
50 8.83427e+09
50 8.83427e+09
51 9.80792e+09
52 1.18832e+10
53 1.414e+10
54 1.6506e+10
55 1.89835e+10
55 1.89835e+10
56 1.76668e+10
57 1.47236e+10
58 1.2389e+10
59 1.07071e+10
60 9.51368e+09
60 9.51368e+09
61 1.05613e+10
62 1.27942e+10
63 1.52218e+10
64 1.77663e+10
65 2.043e+10
65 2.043e+10
66 1.90126e+10
67 1.58462e+10
68 1.33347e+10
69 1.15253e+10
70 1.02415e+10
70 1.02415e+10
71 1.13742e+10
72 1.37862e+10
73 1.64098e+10
74 1.91612e+10
75 2.20432e+10
75 2.20432e+10
76 2.05143e+10
77 1.7094e+10
78 1.43808e+10
79 1.24263e+10
80 1.10394e+10
80 1.10394e+10
81 1.22197e+10
82 1.47485e+10
83 1.74871e+10
84 2.03441e+10
85 2.3321e+10
85 2.3321e+10
86 2.16982e+10
87 1.81128e+10
88 1.52705e+10
89 1.32231e+10
90 1.17702e+10
90 1.17702e+10
91 1.32975e+10
92 1.64653e+10
93 1.99879e+10
94 2.37779e+10
95 2.78513e+10
95 2.78513e+10
96 3.69181e+10
97 4.78779e+10
98 6.12911e+10
99 7.77268e+10
100 9.78719e+10
