0 3.14702e+09
1 3.61288e+09
2 4.10977e+09
3 4.63452e+09
4 5.182e+09
5 5.74771e+09
5 5.74771e+09
6 6.33679e+09
7 6.95037e+09
8 7.58077e+09
9 8.22258e+09
10 8.87201e+09
10 8.87201e+09
11 9.52655e+09
12 1.01858e+10
13 1.08504e+10
14 1.15213e+10
15 1.21994e+10
15 1.21994e+10
16 1.28851e+10
17 1.35775e+10
18 1.42744e+10
19 1.49745e+10
20 1.56764e+10
20 1.56764e+10
21 1.63794e+10
22 1.70846e+10
23 1.77938e+10
24 1.85092e+10
25 1.92332e+10
25 1.92332e+10
26 1.99676e+10
27 2.07113e+10
28 2.14616e+10
29 2.2216e+10
30 2.29728e+10
30 2.29728e+10
31 2.37311e+10
32 2.44916e+10
33 2.52565e+10
34 2.60282e+10
35 2.68089e+10
35 2.68089e+10
36 2.76009e+10
37 2.84029e+10
38 2.92119e+10
39 3.00253e+10
40 3.08413e+10
40 3.08413e+10
41 3.16588e+10
42 3.24787e+10
43 3.33034e+10
44 3.41353e+10
45 3.4977e+10
45 3.4977e+10
46 3.58307e+10
47 3.66953e+10
48 3.75674e+10
49 3.84442e+10
50 3.93238e+10
50 3.93238e+10
51 4.02051e+10
52 4.1089e+10
53 4.19779e+10
54 4.28746e+10
55 4.37819e+10
55 4.37819e+10
56 4.47021e+10
57 4.5634e+10
58 4.65739e+10
59 4.7519e+10
60 4.8467e+10
60 4.8467e+10
61 4.94168e+10
62 5.03694e+10
63 5.13275e+10
64 5.22938e+10
65 5.32716e+10
65 5.32716e+10
66 5.42633e+10
67 5.52675e+10
68 5.62804e+10
69 5.72988e+10
70 5.83203e+10
70 5.83203e+10
71 5.93438e+10
72 6.03703e+10
73 6.14026e+10
74 6.24439e+10
75 6.34975e+10
75 6.34975e+10
76 6.45662e+10
77 6.56484e+10
78 6.67399e+10
79 6.78374e+10
80 6.89383e+10
80 6.89383e+10
81 7.00412e+10
82 7.11474e+10
83 7.22597e+10
84 7.33815e+10
85 7.45162e+10
85 7.45162e+10
86 7.56666e+10
87 7.6831e+10
88 7.80052e+10
89 7.91855e+10
90 8.03694e+10
90 8.03694e+10
91 8.15553e+10
92 8.27449e+10
93 8.39419e+10
94 8.51505e+10
95 8.63753e+10
95 8.63753e+10
96 8.76125e+10
97 8.88591e+10
98 9.01217e+10
99 9.14084e+10
100 9.2729e+10
