0 3.69432e+10
1 6.75135e+09
2 2.6709e+09
3 1.9751e+09
4 1.74433e+09
5 1.59869e+09
5 1.59869e+09
6 1.43852e+09
7 1.2943e+09
8 1.18815e+09
9 1.11226e+09
10 1.05812e+09
10 1.05812e+09
11 2.18729e+09
12 2.42371e+09
13 2.56978e+09
14 2.70321e+09
15 2.83196e+09
15 2.83196e+09
16 1.46475e+09
17 1.23951e+09
18 1.17162e+09
19 1.13407e+09
20 1.10799e+09
20 1.10799e+09
21 2.32294e+09
22 2.78328e+09
23 3.19533e+09
24 3.62228e+09
25 4.0713e+09
25 4.0713e+09
26 1.6446e+09
27 1.27748e+09
28 1.18962e+09
29 1.14891e+09
30 1.12234e+09
30 1.12234e+09
31 2.49688e+09
32 2.99518e+09
33 3.43509e+09
34 3.88968e+09
35 4.36704e+09
35 4.36704e+09
36 1.76864e+09
37 1.37543e+09
38 1.28126e+09
39 1.2376e+09
40 1.20908e+09
40 1.20908e+09
41 2.68906e+09
42 3.22603e+09
43 3.70022e+09
44 4.19026e+09
45 4.70486e+09
45 4.70486e+09
46 1.90536e+09
47 1.48175e+09
48 1.38031e+09
49 1.33329e+09
50 1.30258e+09
50 1.30258e+09
51 2.89612e+09
52 3.47405e+09
53 3.98425e+09
54 4.51138e+09
55 5.06481e+09
55 5.06481e+09
56 2.05174e+09
57 1.5958e+09
58 1.48663e+09
59 1.43603e+09
60 1.40297e+09
60 1.40297e+09
61 3.11785e+09
62 3.73947e+09
63 4.28798e+09
64 4.85455e+09
65 5.44923e+09
65 5.44923e+09
66 2.20846e+09
67 1.71807e+09
68 1.60065e+09
69 1.54622e+09
70 1.51067e+09
70 1.51067e+09
71 3.36097e+09
72 4.03284e+09
73 4.62636e+09
74 5.2398e+09
75 5.88401e+09
75 5.88401e+09
76 2.38113e+09
77 1.85115e+09
78 1.7243e+09
79 1.66553e+09
80 1.62714e+09
80 1.62714e+09
81 3.58415e+09
82 4.28453e+09
83 4.89712e+09
84 5.52659e+09
85 6.18421e+09
85 6.18421e+09
86 2.53301e+09
87 1.98012e+09
88 1.84749e+09
89 1.78589e+09
90 1.74561e+09
90 1.74561e+09
91 4.0763e+09
92 4.9846e+09
93 5.82544e+09
94 6.71932e+09
95 7.68222e+09
95 7.68222e+09
96 9.5679e+09
97 1.20343e+10
98 1.50719e+10
99 1.8798e+10
100 2.33666e+10
