0 1.10279e+11
1 1.17406e+11
2 1.24802e+11
3 1.3096e+11
4 1.35921e+11
5 1.39882e+11
5 1.39882e+11
6 1.47035e+11
7 1.51964e+11
8 1.55331e+11
9 1.57597e+11
10 1.59089e+11
10 1.59089e+11
11 1.60191e+11
12 1.6141e+11
13 1.62839e+11
14 1.64476e+11
15 1.6631e+11
15 1.6631e+11
16 1.68139e+11
17 1.69505e+11
18 1.70423e+11
19 1.71006e+11
20 1.71344e+11
20 1.71344e+11
21 1.71662e+11
22 1.72396e+11
23 1.73647e+11
24 1.75441e+11
25 1.77799e+11
25 1.77799e+11
26 1.80376e+11
27 1.82308e+11
28 1.83578e+11
29 1.84356e+11
30 1.84784e+11
30 1.84784e+11
31 1.85143e+11
32 1.85939e+11
33 1.87287e+11
34 1.89216e+11
35 1.91747e+11
35 1.91747e+11
36 1.94509e+11
37 1.96579e+11
38 1.97938e+11
39 1.9877e+11
40 1.99226e+11
40 1.99226e+11
41 1.99609e+11
42 2.00463e+11
43 2.01912e+11
44 2.03987e+11
45 2.06711e+11
45 2.06711e+11
46 2.09685e+11
47 2.11912e+11
48 2.13376e+11
49 2.1427e+11
50 2.1476e+11
50 2.1476e+11
51 2.15171e+11
52 2.16089e+11
53 2.17648e+11
54 2.1988e+11
55 2.2281e+11
55 2.2281e+11
56 2.2601e+11
57 2.28406e+11
58 2.29979e+11
59 2.30939e+11
60 2.31465e+11
60 2.31465e+11
61 2.31905e+11
62 2.32891e+11
63 2.34567e+11
64 2.36967e+11
65 2.40117e+11
65 2.40117e+11
66 2.43557e+11
67 2.46132e+11
68 2.47822e+11
69 2.48853e+11
70 2.49416e+11
70 2.49416e+11
71 2.49888e+11
72 2.50949e+11
73 2.52756e+11
74 2.55345e+11
75 2.58747e+11
75 2.58747e+11
76 2.62462e+11
77 2.65244e+11
78 2.67069e+11
79 2.68182e+11
80 2.6879e+11
80 2.6879e+11
81 2.69295e+11
82 2.70417e+11
83 2.72319e+11
84 2.75036e+11
85 2.78594e+11
85 2.78594e+11
86 2.82469e+11
87 2.85364e+11
88 2.87256e+11
89 2.88404e+11
90 2.89022e+11
90 2.89022e+11
91 2.89565e+11
92 2.90883e+11
93 2.93191e+11
94 2.96566e+11
95 3.01076e+11
95 3.01076e+11
96 3.02656e+11
97 3.05705e+11
98 3.10532e+11
99 3.17527e+11
100 3.27167e+11
