0 0.00999999
5 0.00999999
5 0.00999999
10 0.00999999
10 0.00999999
15 0.00999999
15 0.00999999
20 0.00999999
20 0.00999999
25 0.00999999
25 0.00999999
30 0.00999999
30 0.00999999
35 0.00999999
35 0.00999999
40 0.00999999
40 0.00999999
45 0.00999999
45 0.00999999
50 0.00999999
50 0.00999999
55 0.00999999
55 0.00999999
60 0.00999999
60 0.00999999
65 0.00999999
65 0.00999999
70 0.00999999
70 0.00999999
75 0.00999999
75 0.00999999
80 0.00999999
80 0.00999999
85 0.00999999
85 0.00999999
90 0.00999999
90 0.00999999
95 0.00999999
95 0.00999999
100 0.00999999
