0 5.70842e+09
1 1.20389e+10
2 1.86543e+10
3 2.45388e+10
4 2.97023e+10
5 3.42605e+10
5 3.42605e+10
6 3.81249e+10
7 4.13094e+10
8 4.40152e+10
9 4.6383e+10
10 4.85117e+10
10 4.85117e+10
11 5.05235e+10
12 5.25859e+10
13 5.4732e+10
14 5.6963e+10
15 5.92779e+10
15 5.92779e+10
16 6.161e+10
17 6.38047e+10
18 6.58619e+10
19 6.78146e+10
20 6.96906e+10
20 6.96906e+10
21 7.1563e+10
22 7.3579e+10
23 7.57776e+10
24 7.81728e+10
25 8.07776e+10
25 8.07776e+10
26 8.34815e+10
27 8.59939e+10
28 8.83021e+10
29 9.04567e+10
30 9.25008e+10
30 9.25008e+10
31 9.45254e+10
32 9.67013e+10
33 9.90724e+10
34 1.01654e+11
35 1.04459e+11
35 1.04459e+11
36 1.07369e+11
37 1.10074e+11
38 1.12559e+11
39 1.1488e+11
40 1.17082e+11
40 1.17082e+11
41 1.19263e+11
42 1.21608e+11
43 1.24163e+11
44 1.26944e+11
45 1.29967e+11
45 1.29967e+11
46 1.33103e+11
47 1.36017e+11
48 1.38696e+11
49 1.41197e+11
50 1.4357e+11
50 1.4357e+11
51 1.4592e+11
52 1.48447e+11
53 1.512e+11
54 1.54196e+11
55 1.57453e+11
55 1.57453e+11
56 1.60831e+11
57 1.63971e+11
58 1.66856e+11
59 1.69551e+11
60 1.72107e+11
60 1.72107e+11
61 1.7464e+11
62 1.77362e+11
63 1.80327e+11
64 1.83555e+11
65 1.87062e+11
65 1.87062e+11
66 1.907e+11
67 1.94081e+11
68 1.97188e+11
69 2.0009e+11
70 2.02845e+11
70 2.02845e+11
71 2.05573e+11
72 2.08505e+11
73 2.11701e+11
74 2.1518e+11
75 2.18961e+11
75 2.18961e+11
76 2.22884e+11
77 2.2653e+11
78 2.2988e+11
79 2.33009e+11
80 2.35977e+11
80 2.35977e+11
81 2.38916e+11
82 2.42069e+11
83 2.45498e+11
84 2.49221e+11
85 2.53258e+11
85 2.53258e+11
86 2.57439e+11
87 2.6133e+11
88 2.6491e+11
89 2.68258e+11
90 2.71438e+11
90 2.71438e+11
91 2.74598e+11
92 2.78026e+11
93 2.81803e+11
94 2.85964e+11
95 2.90544e+11
95 2.90544e+11
96 2.95792e+11
97 3.0205e+11
98 3.09549e+11
99 3.18575e+11
100 3.29479e+11
