0 1.06798e+14
1 1.06794e+14
2 1.0679e+14
3 1.06787e+14
4 1.06783e+14
5 1.0678e+14
5 1.0678e+14
6 1.06777e+14
7 1.06774e+14
8 1.06772e+14
9 1.0677e+14
10 1.06768e+14
10 1.06768e+14
11 1.06763e+14
12 1.06758e+14
13 1.06753e+14
14 1.06748e+14
15 1.06742e+14
15 1.06742e+14
16 1.06739e+14
17 1.06737e+14
18 1.06735e+14
19 1.06732e+14
20 1.0673e+14
20 1.0673e+14
21 1.06725e+14
22 1.0672e+14
23 1.06713e+14
24 1.06706e+14
25 1.06698e+14
25 1.06698e+14
26 1.06695e+14
27 1.06693e+14
28 1.0669e+14
29 1.06688e+14
30 1.06686e+14
30 1.06686e+14
31 1.06681e+14
32 1.06675e+14
33 1.06668e+14
34 1.0666e+14
35 1.06651e+14
35 1.06651e+14
36 1.06648e+14
37 1.06646e+14
38 1.06643e+14
39 1.06641e+14
40 1.06638e+14
40 1.06638e+14
41 1.06633e+14
42 1.06626e+14
43 1.06619e+14
44 1.0661e+14
45 1.06601e+14
45 1.06601e+14
46 1.06598e+14
47 1.06595e+14
48 1.06592e+14
49 1.0659e+14
50 1.06587e+14
50 1.06587e+14
51 1.06581e+14
52 1.06574e+14
53 1.06566e+14
54 1.06557e+14
55 1.06547e+14
55 1.06547e+14
56 1.06544e+14
57 1.06541e+14
58 1.06538e+14
59 1.06535e+14
60 1.06532e+14
60 1.06532e+14
61 1.06525e+14
62 1.06518e+14
63 1.06509e+14
64 1.06499e+14
65 1.06489e+14
65 1.06489e+14
66 1.06485e+14
67 1.06482e+14
68 1.06479e+14
69 1.06476e+14
70 1.06473e+14
70 1.06473e+14
71 1.06465e+14
72 1.06457e+14
73 1.06448e+14
74 1.06438e+14
75 1.06426e+14
75 1.06426e+14
76 1.06422e+14
77 1.06419e+14
78 1.06415e+14
79 1.06412e+14
80 1.06409e+14
80 1.06409e+14
81 1.06401e+14
82 1.06392e+14
83 1.06382e+14
84 1.06371e+14
85 1.06359e+14
85 1.06359e+14
86 1.06355e+14
87 1.06351e+14
88 1.06348e+14
89 1.06344e+14
90 1.06341e+14
90 1.06341e+14
91 1.06332e+14
92 1.06322e+14
93 1.0631e+14
94 1.06297e+14
95 1.06281e+14
95 1.06281e+14
96 1.06262e+14
97 1.06238e+14
98 1.06208e+14
99 1.06171e+14
100 1.06124e+14
