
Time   S       E       I_NS    I_Sy    I_Sev   I_Crit  R       D      
 0.0000 1000.0000  0.0000  0.0000  0.0000  0.0000  0.0000  0.0000  0.0000
 0.0417 1000.0000  0.0000  0.0000  0.0000  0.0000  0.0000  0.0000  0.0000
 0.0833 1000.0000  0.0000  0.0000  0.0000  0.0000  0.0000  0.0000  0.0000
 0.1250 1000.0000  0.0000  0.0000  0.0000  0.0000  0.0000  0.0000  0.0000
 0.1667 1000.0000  0.0000  0.0000  0.0000  0.0000  0.0000  0.0000  0.0000
 0.2083 1000.0000  0.0000  0.0000  0.0000  0.0000  0.0000  0.0000  0.0000
 0.2500 1000.0000  0.0000  0.0000  0.0000  0.0000  0.0000  0.0000  0.0000
 0.2917 1000.0000  0.0000  0.0000  0.0000  0.0000  0.0000  0.0000  0.0000
 0.3333 1000.0000  0.0000  0.0000  0.0000  0.0000  0.0000  0.0000  0.0000
 0.3750 1000.0000  0.0000  0.0000  0.0000  0.0000  0.0000  0.0000  0.0000
 0.4167 1000.0000  0.0000  0.0000  0.0000  0.0000  0.0000  0.0000  0.0000
 0.4583 1000.0000  0.0000  0.0000  0.0000  0.0000  0.0000  0.0000  0.0000
 0.5000 1000.0000  0.0000  0.0000  0.0000  0.0000  0.0000  0.0000  0.0000
 0.5417 1000.0000  0.0000  0.0000  0.0000  0.0000  0.0000  0.0000  0.0000
 0.5833 1000.0000  0.0000  0.0000  0.0000  0.0000  0.0000  0.0000  0.0000
 0.6250 1000.0000  0.0000  0.0000  0.0000  0.0000  0.0000  0.0000  0.0000
 0.6667 1000.0000  0.0000  0.0000  0.0000  0.0000  0.0000  0.0000  0.0000
 0.7083 1000.0000  0.0000  0.0000  0.0000  0.0000  0.0000  0.0000  0.0000
 0.7500 1000.0000  0.0000  0.0000  0.0000  0.0000  0.0000  0.0000  0.0000
 0.7917 1000.0000  0.0000  0.0000  0.0000  0.0000  0.0000  0.0000  0.0000
 0.8333 1000.0000  0.0000  0.0000  0.0000  0.0000  0.0000  0.0000  0.0000
 0.8750 1000.0000  0.0000  0.0000  0.0000  0.0000  0.0000  0.0000  0.0000
 0.9167 1000.0000  0.0000  0.0000  0.0000  0.0000  0.0000  0.0000  0.0000
 0.9583 1000.0000  0.0000  0.0000  0.0000  0.0000  0.0000  0.0000  0.0000
 1.0000 1000.0000  0.0000  0.0000  0.0000  0.0000  0.0000  0.0000  0.0000
 1.0417 1000.0000  0.0000  0.0000  0.0000  0.0000  0.0000  0.0000  0.0000
 1.0833 1000.0000  0.0000  0.0000  0.0000  0.0000  0.0000  0.0000  0.0000
 1.1250 1000.0000  0.0000  0.0000  0.0000  0.0000  0.0000  0.0000  0.0000
 1.1667 1000.0000  0.0000  0.0000  0.0000  0.0000  0.0000  0.0000  0.0000
 1.2083 1000.0000  0.0000  0.0000  0.0000  0.0000  0.0000  0.0000  0.0000
 1.2500 1000.0000  0.0000  0.0000  0.0000  0.0000  0.0000  0.0000  0.0000
 1.2917 1000.0000  0.0000  0.0000  0.0000  0.0000  0.0000  0.0000  0.0000
 1.3333 1000.0000  0.0000  0.0000  0.0000  0.0000  0.0000  0.0000  0.0000
 1.3750 1000.0000  0.0000  0.0000  0.0000  0.0000  0.0000  0.0000  0.0000
 1.4167 1000.0000  0.0000  0.0000  0.0000  0.0000  0.0000  0.0000  0.0000
 1.4583 1000.0000  0.0000  0.0000  0.0000  0.0000  0.0000  0.0000  0.0000
 1.5000 1000.0000  0.0000  0.0000  0.0000  0.0000  0.0000  0.0000  0.0000
 1.5417 1000.0000  0.0000  0.0000  0.0000  0.0000  0.0000  0.0000  0.0000
 1.5833 1000.0000  0.0000  0.0000  0.0000  0.0000  0.0000  0.0000  0.0000
 1.6250 1000.0000  0.0000  0.0000  0.0000  0.0000  0.0000  0.0000  0.0000
 1.6667 1000.0000  0.0000  0.0000  0.0000  0.0000  0.0000  0.0000  0.0000
 1.7083 1000.0000  0.0000  0.0000  0.0000  0.0000  0.0000  0.0000  0.0000
 1.7500 1000.0000  0.0000  0.0000  0.0000  0.0000  0.0000  0.0000  0.0000
 1.7917 1000.0000  0.0000  0.0000  0.0000  0.0000  0.0000  0.0000  0.0000
 1.8333 1000.0000  0.0000  0.0000  0.0000  0.0000  0.0000  0.0000  0.0000
 1.8750 1000.0000  0.0000  0.0000  0.0000  0.0000  0.0000  0.0000  0.0000
 1.9167 1000.0000  0.0000  0.0000  0.0000  0.0000  0.0000  0.0000  0.0000
 1.9583 1000.0000  0.0000  0.0000  0.0000  0.0000  0.0000  0.0000  0.0000
 2.0000 1000.0000  0.0000  0.0000  0.0000  0.0000  0.0000  0.0000  0.0000
 2.0417 1000.0000  0.0000  0.0000  0.0000  0.0000  0.0000  0.0000  0.0000
 2.0833 1000.0000  0.0000  0.0000  0.0000  0.0000  0.0000  0.0000  0.0000
 2.1250 1000.0000  0.0000  0.0000  0.0000  0.0000  0.0000  0.0000  0.0000
 2.1667 1000.0000  0.0000  0.0000  0.0000  0.0000  0.0000  0.0000  0.0000
 2.2083 1000.0000  0.0000  0.0000  0.0000  0.0000  0.0000  0.0000  0.0000
 2.2500 1000.0000  0.0000  0.0000  0.0000  0.0000  0.0000  0.0000  0.0000
 2.2917 1000.0000  0.0000  0.0000  0.0000  0.0000  0.0000  0.0000  0.0000
 2.3333 1000.0000  0.0000  0.0000  0.0000  0.0000  0.0000  0.0000  0.0000
 2.3750 1000.0000  0.0000  0.0000  0.0000  0.0000  0.0000  0.0000  0.0000
 2.4167 1000.0000  0.0000  0.0000  0.0000  0.0000  0.0000  0.0000  0.0000
 2.4583 1000.0000  0.0000  0.0000  0.0000  0.0000  0.0000  0.0000  0.0000
 2.5000 1000.0000  0.0000  0.0000  0.0000  0.0000  0.0000  0.0000  0.0000
 2.5417 1000.0000  0.0000  0.0000  0.0000  0.0000  0.0000  0.0000  0.0000
 2.5833 1000.0000  0.0000  0.0000  0.0000  0.0000  0.0000  0.0000  0.0000
 2.6250 1000.0000  0.0000  0.0000  0.0000  0.0000  0.0000  0.0000  0.0000
 2.6667 1000.0000  0.0000  0.0000  0.0000  0.0000  0.0000  0.0000  0.0000
 2.7083 1000.0000  0.0000  0.0000  0.0000  0.0000  0.0000  0.0000  0.0000
 2.7500 1000.0000  0.0000  0.0000  0.0000  0.0000  0.0000  0.0000  0.0000
 2.7917 1000.0000  0.0000  0.0000  0.0000  0.0000  0.0000  0.0000  0.0000
 2.8333 1000.0000  0.0000  0.0000  0.0000  0.0000  0.0000  0.0000  0.0000
 2.8750 1000.0000  0.0000  0.0000  0.0000  0.0000  0.0000  0.0000  0.0000
 2.9167 1000.0000  0.0000  0.0000  0.0000  0.0000  0.0000  0.0000  0.0000
 2.9583 1000.0000  0.0000  0.0000  0.0000  0.0000  0.0000  0.0000  0.0000
 3.0000 1000.0000  0.0000  0.0000  0.0000  0.0000  0.0000  0.0000  0.0000
 3.0417 1000.0000  0.0000  0.0000  0.0000  0.0000  0.0000  0.0000  0.0000
 3.0833 1000.0000  0.0000  0.0000  0.0000  0.0000  0.0000  0.0000  0.0000
 3.1250 1000.0000  0.0000  0.0000  0.0000  0.0000  0.0000  0.0000  0.0000
 3.1667 1000.0000  0.0000  0.0000  0.0000  0.0000  0.0000  0.0000  0.0000
 3.2083 1000.0000  0.0000  0.0000  0.0000  0.0000  0.0000  0.0000  0.0000
 3.2500 1000.0000  0.0000  0.0000  0.0000  0.0000  0.0000  0.0000  0.0000
 3.2917 1000.0000  0.0000  0.0000  0.0000  0.0000  0.0000  0.0000  0.0000
 3.3333 1000.0000  0.0000  0.0000  0.0000  0.0000  0.0000  0.0000  0.0000
 3.3750 1000.0000  0.0000  0.0000  0.0000  0.0000  0.0000  0.0000  0.0000
 3.4167 1000.0000  0.0000  0.0000  0.0000  0.0000  0.0000  0.0000  0.0000
 3.4583 1000.0000  0.0000  0.0000  0.0000  0.0000  0.0000  0.0000  0.0000
 3.5000 1000.0000  0.0000  0.0000  0.0000  0.0000  0.0000  0.0000  0.0000
 3.5417 1000.0000  0.0000  0.0000  0.0000  0.0000  0.0000  0.0000  0.0000
 3.5833 1000.0000  0.0000  0.0000  0.0000  0.0000  0.0000  0.0000  0.0000
 3.6250 1000.0000  0.0000  0.0000  0.0000  0.0000  0.0000  0.0000  0.0000
 3.6667 1000.0000  0.0000  0.0000  0.0000  0.0000  0.0000  0.0000  0.0000
 3.7083 1000.0000  0.0000  0.0000  0.0000  0.0000  0.0000  0.0000  0.0000
 3.7500 1000.0000  0.0000  0.0000  0.0000  0.0000  0.0000  0.0000  0.0000
 3.7917 1000.0000  0.0000  0.0000  0.0000  0.0000  0.0000  0.0000  0.0000
 3.8333 1000.0000  0.0000  0.0000  0.0000  0.0000  0.0000  0.0000  0.0000
 3.8750 1000.0000  0.0000  0.0000  0.0000  0.0000  0.0000  0.0000  0.0000
 3.9167 1000.0000  0.0000  0.0000  0.0000  0.0000  0.0000  0.0000  0.0000
 3.9583 1000.0000  0.0000  0.0000  0.0000  0.0000  0.0000  0.0000  0.0000
 4.0000 1000.0000  0.0000  0.0000  0.0000  0.0000  0.0000  0.0000  0.0000
 4.0417 1000.0000  0.0000  0.0000  0.0000  0.0000  0.0000  0.0000  0.0000
 4.0833 1000.0000  0.0000  0.0000  0.0000  0.0000  0.0000  0.0000  0.0000
 4.1250 1000.0000  0.0000  0.0000  0.0000  0.0000  0.0000  0.0000  0.0000
 4.1667 1000.0000  0.0000  0.0000  0.0000  0.0000  0.0000  0.0000  0.0000
 4.2083 1000.0000  0.0000  0.0000  0.0000  0.0000  0.0000  0.0000  0.0000
 4.2500 1000.0000  0.0000  0.0000  0.0000  0.0000  0.0000  0.0000  0.0000
 4.2917 1000.0000  0.0000  0.0000  0.0000  0.0000  0.0000  0.0000  0.0000
 4.3333 1000.0000  0.0000  0.0000  0.0000  0.0000  0.0000  0.0000  0.0000
 4.3750 1000.0000  0.0000  0.0000  0.0000  0.0000  0.0000  0.0000  0.0000
 4.4167 1000.0000  0.0000  0.0000  0.0000  0.0000  0.0000  0.0000  0.0000
 4.4583 1000.0000  0.0000  0.0000  0.0000  0.0000  0.0000  0.0000  0.0000
 4.5000 1000.0000  0.0000  0.0000  0.0000  0.0000  0.0000  0.0000  0.0000
 4.5417 1000.0000  0.0000  0.0000  0.0000  0.0000  0.0000  0.0000  0.0000
 4.5833 1000.0000  0.0000  0.0000  0.0000  0.0000  0.0000  0.0000  0.0000
 4.6250 1000.0000  0.0000  0.0000  0.0000  0.0000  0.0000  0.0000  0.0000
 4.6667 1000.0000  0.0000  0.0000  0.0000  0.0000  0.0000  0.0000  0.0000
 4.7083 1000.0000  0.0000  0.0000  0.0000  0.0000  0.0000  0.0000  0.0000
 4.7500 1000.0000  0.0000  0.0000  0.0000  0.0000  0.0000  0.0000  0.0000
 4.7917 1000.0000  0.0000  0.0000  0.0000  0.0000  0.0000  0.0000  0.0000
 4.8333 1000.0000  0.0000  0.0000  0.0000  0.0000  0.0000  0.0000  0.0000
 4.8750 1000.0000  0.0000  0.0000  0.0000  0.0000  0.0000  0.0000  0.0000
 4.9167 1000.0000  0.0000  0.0000  0.0000  0.0000  0.0000  0.0000  0.0000
 4.9583 1000.0000  0.0000  0.0000  0.0000  0.0000  0.0000  0.0000  0.0000
 5.0000 1000.0000  0.0000  0.0000  0.0000  0.0000  0.0000  0.0000  0.0000
 5.0417 1000.0000  0.0000  0.0000  0.0000  0.0000  0.0000  0.0000  0.0000
 5.0833 1000.0000  0.0000  0.0000  0.0000  0.0000  0.0000  0.0000  0.0000
 5.1250 1000.0000  0.0000  0.0000  0.0000  0.0000  0.0000  0.0000  0.0000
 5.1667 1000.0000  0.0000  0.0000  0.0000  0.0000  0.0000  0.0000  0.0000
 5.2083 1000.0000  0.0000  0.0000  0.0000  0.0000  0.0000  0.0000  0.0000
 5.2500 1000.0000  0.0000  0.0000  0.0000  0.0000  0.0000  0.0000  0.0000
 5.2917 1000.0000  0.0000  0.0000  0.0000  0.0000  0.0000  0.0000  0.0000
 5.3333 1000.0000  0.0000  0.0000  0.0000  0.0000  0.0000  0.0000  0.0000
 5.3750 1000.0000  0.0000  0.0000  0.0000  0.0000  0.0000  0.0000  0.0000
 5.4167 1000.0000  0.0000  0.0000  0.0000  0.0000  0.0000  0.0000  0.0000
 5.4583 1000.0000  0.0000  0.0000  0.0000  0.0000  0.0000  0.0000  0.0000
 5.5000 1000.0000  0.0000  0.0000  0.0000  0.0000  0.0000  0.0000  0.0000
 5.5417 1000.0000  0.0000  0.0000  0.0000  0.0000  0.0000  0.0000  0.0000
 5.5833 1000.0000  0.0000  0.0000  0.0000  0.0000  0.0000  0.0000  0.0000
 5.6250 1000.0000  0.0000  0.0000  0.0000  0.0000  0.0000  0.0000  0.0000
 5.6667 1000.0000  0.0000  0.0000  0.0000  0.0000  0.0000  0.0000  0.0000
 5.7083 1000.0000  0.0000  0.0000  0.0000  0.0000  0.0000  0.0000  0.0000
 5.7500 1000.0000  0.0000  0.0000  0.0000  0.0000  0.0000  0.0000  0.0000
 5.7917 1000.0000  0.0000  0.0000  0.0000  0.0000  0.0000  0.0000  0.0000
 5.8333 1000.0000  0.0000  0.0000  0.0000  0.0000  0.0000  0.0000  0.0000
 5.8750 1000.0000  0.0000  0.0000  0.0000  0.0000  0.0000  0.0000  0.0000
 5.9167 1000.0000  0.0000  0.0000  0.0000  0.0000  0.0000  0.0000  0.0000
 5.9583 1000.0000  0.0000  0.0000  0.0000  0.0000  0.0000  0.0000  0.0000
 6.0000 1000.0000  0.0000  0.0000  0.0000  0.0000  0.0000  0.0000  0.0000
 6.0417 1000.0000  0.0000  0.0000  0.0000  0.0000  0.0000  0.0000  0.0000
 6.0833 1000.0000  0.0000  0.0000  0.0000  0.0000  0.0000  0.0000  0.0000
 6.1250 1000.0000  0.0000  0.0000  0.0000  0.0000  0.0000  0.0000  0.0000
 6.1667 1000.0000  0.0000  0.0000  0.0000  0.0000  0.0000  0.0000  0.0000
 6.2083 1000.0000  0.0000  0.0000  0.0000  0.0000  0.0000  0.0000  0.0000
 6.2500 1000.0000  0.0000  0.0000  0.0000  0.0000  0.0000  0.0000  0.0000
 6.2917 1000.0000  0.0000  0.0000  0.0000  0.0000  0.0000  0.0000  0.0000
 6.3333 1000.0000  0.0000  0.0000  0.0000  0.0000  0.0000  0.0000  0.0000
 6.3750 1000.0000  0.0000  0.0000  0.0000  0.0000  0.0000  0.0000  0.0000
 6.4167 1000.0000  0.0000  0.0000  0.0000  0.0000  0.0000  0.0000  0.0000
 6.4583 1000.0000  0.0000  0.0000  0.0000  0.0000  0.0000  0.0000  0.0000
 6.5000 1000.0000  0.0000  0.0000  0.0000  0.0000  0.0000  0.0000  0.0000
 6.5417 1000.0000  0.0000  0.0000  0.0000  0.0000  0.0000  0.0000  0.0000
 6.5833 1000.0000  0.0000  0.0000  0.0000  0.0000  0.0000  0.0000  0.0000
 6.6250 1000.0000  0.0000  0.0000  0.0000  0.0000  0.0000  0.0000  0.0000
 6.6667 1000.0000  0.0000  0.0000  0.0000  0.0000  0.0000  0.0000  0.0000
 6.7083 1000.0000  0.0000  0.0000  0.0000  0.0000  0.0000  0.0000  0.0000
 6.7500 1000.0000  0.0000  0.0000  0.0000  0.0000  0.0000  0.0000  0.0000
 6.7917 1000.0000  0.0000  0.0000  0.0000  0.0000  0.0000  0.0000  0.0000
 6.8333 1000.0000  0.0000  0.0000  0.0000  0.0000  0.0000  0.0000  0.0000
 6.8750 1000.0000  0.0000  0.0000  0.0000  0.0000  0.0000  0.0000  0.0000
 6.9167 1000.0000  0.0000  0.0000  0.0000  0.0000  0.0000  0.0000  0.0000
 6.9583 1000.0000  0.0000  0.0000  0.0000  0.0000  0.0000  0.0000  0.0000
 7.0000 1000.0000  0.0000  0.0000  0.0000  0.0000  0.0000  0.0000  0.0000
 7.0417 1000.0000  0.0000  0.0000  0.0000  0.0000  0.0000  0.0000  0.0000
 7.0833 1000.0000  0.0000  0.0000  0.0000  0.0000  0.0000  0.0000  0.0000
 7.1250 1000.0000  0.0000  0.0000  0.0000  0.0000  0.0000  0.0000  0.0000
 7.1667 1000.0000  0.0000  0.0000  0.0000  0.0000  0.0000  0.0000  0.0000
 7.2083 1000.0000  0.0000  0.0000  0.0000  0.0000  0.0000  0.0000  0.0000
 7.2500 1000.0000  0.0000  0.0000  0.0000  0.0000  0.0000  0.0000  0.0000
 7.2917 1000.0000  0.0000  0.0000  0.0000  0.0000  0.0000  0.0000  0.0000
 7.3333 1000.0000  0.0000  0.0000  0.0000  0.0000  0.0000  0.0000  0.0000
 7.3750 1000.0000  0.0000  0.0000  0.0000  0.0000  0.0000  0.0000  0.0000
 7.4167 1000.0000  0.0000  0.0000  0.0000  0.0000  0.0000  0.0000  0.0000
 7.4583 1000.0000  0.0000  0.0000  0.0000  0.0000  0.0000  0.0000  0.0000
 7.5000 1000.0000  0.0000  0.0000  0.0000  0.0000  0.0000  0.0000  0.0000
 7.5417 1000.0000  0.0000  0.0000  0.0000  0.0000  0.0000  0.0000  0.0000
 7.5833 1000.0000  0.0000  0.0000  0.0000  0.0000  0.0000  0.0000  0.0000
 7.6250 1000.0000  0.0000  0.0000  0.0000  0.0000  0.0000  0.0000  0.0000
 7.6667 1000.0000  0.0000  0.0000  0.0000  0.0000  0.0000  0.0000  0.0000
 7.7083 1000.0000  0.0000  0.0000  0.0000  0.0000  0.0000  0.0000  0.0000
 7.7500 1000.0000  0.0000  0.0000  0.0000  0.0000  0.0000  0.0000  0.0000
 7.7917 1000.0000  0.0000  0.0000  0.0000  0.0000  0.0000  0.0000  0.0000
 7.8333 1000.0000  0.0000  0.0000  0.0000  0.0000  0.0000  0.0000  0.0000
 7.8750 1000.0000  0.0000  0.0000  0.0000  0.0000  0.0000  0.0000  0.0000
 7.9167 1000.0000  0.0000  0.0000  0.0000  0.0000  0.0000  0.0000  0.0000
 7.9583 1000.0000  0.0000  0.0000  0.0000  0.0000  0.0000  0.0000  0.0000
 8.0000 1000.0000  0.0000  0.0000  0.0000  0.0000  0.0000  0.0000  0.0000
 8.0417 1000.0000  0.0000  0.0000  0.0000  0.0000  0.0000  0.0000  0.0000
 8.0833 1000.0000  0.0000  0.0000  0.0000  0.0000  0.0000  0.0000  0.0000
 8.1250 1000.0000  0.0000  0.0000  0.0000  0.0000  0.0000  0.0000  0.0000
 8.1667 1000.0000  0.0000  0.0000  0.0000  0.0000  0.0000  0.0000  0.0000
 8.2083 1000.0000  0.0000  0.0000  0.0000  0.0000  0.0000  0.0000  0.0000
 8.2500 1000.0000  0.0000  0.0000  0.0000  0.0000  0.0000  0.0000  0.0000
 8.2917 1000.0000  0.0000  0.0000  0.0000  0.0000  0.0000  0.0000  0.0000
 8.3333 1000.0000  0.0000  0.0000  0.0000  0.0000  0.0000  0.0000  0.0000
 8.3750 1000.0000  0.0000  0.0000  0.0000  0.0000  0.0000  0.0000  0.0000
 8.4167 1000.0000  0.0000  0.0000  0.0000  0.0000  0.0000  0.0000  0.0000
 8.4583 1000.0000  0.0000  0.0000  0.0000  0.0000  0.0000  0.0000  0.0000
 8.5000 1000.0000  0.0000  0.0000  0.0000  0.0000  0.0000  0.0000  0.0000
 8.5417 1000.0000  0.0000  0.0000  0.0000  0.0000  0.0000  0.0000  0.0000
 8.5833 1000.0000  0.0000  0.0000  0.0000  0.0000  0.0000  0.0000  0.0000
 8.6250 1000.0000  0.0000  0.0000  0.0000  0.0000  0.0000  0.0000  0.0000
 8.6667 1000.0000  0.0000  0.0000  0.0000  0.0000  0.0000  0.0000  0.0000
 8.7083 1000.0000  0.0000  0.0000  0.0000  0.0000  0.0000  0.0000  0.0000
 8.7500 1000.0000  0.0000  0.0000  0.0000  0.0000  0.0000  0.0000  0.0000
 8.7917 1000.0000  0.0000  0.0000  0.0000  0.0000  0.0000  0.0000  0.0000
 8.8333 1000.0000  0.0000  0.0000  0.0000  0.0000  0.0000  0.0000  0.0000
 8.8750 1000.0000  0.0000  0.0000  0.0000  0.0000  0.0000  0.0000  0.0000
 8.9167 1000.0000  0.0000  0.0000  0.0000  0.0000  0.0000  0.0000  0.0000
 8.9583 1000.0000  0.0000  0.0000  0.0000  0.0000  0.0000  0.0000  0.0000
 9.0000 1000.0000  0.0000  0.0000  0.0000  0.0000  0.0000  0.0000  0.0000
 9.0417 1000.0000  0.0000  0.0000  0.0000  0.0000  0.0000  0.0000  0.0000
 9.0833 1000.0000  0.0000  0.0000  0.0000  0.0000  0.0000  0.0000  0.0000
 9.1250 1000.0000  0.0000  0.0000  0.0000  0.0000  0.0000  0.0000  0.0000
 9.1667 1000.0000  0.0000  0.0000  0.0000  0.0000  0.0000  0.0000  0.0000
 9.2083 1000.0000  0.0000  0.0000  0.0000  0.0000  0.0000  0.0000  0.0000
 9.2500 1000.0000  0.0000  0.0000  0.0000  0.0000  0.0000  0.0000  0.0000
 9.2917 1000.0000  0.0000  0.0000  0.0000  0.0000  0.0000  0.0000  0.0000
 9.3333 1000.0000  0.0000  0.0000  0.0000  0.0000  0.0000  0.0000  0.0000
 9.3750 1000.0000  0.0000  0.0000  0.0000  0.0000  0.0000  0.0000  0.0000
 9.4167 1000.0000  0.0000  0.0000  0.0000  0.0000  0.0000  0.0000  0.0000
 9.4583 1000.0000  0.0000  0.0000  0.0000  0.0000  0.0000  0.0000  0.0000
 9.5000 1000.0000  0.0000  0.0000  0.0000  0.0000  0.0000  0.0000  0.0000
 9.5417 1000.0000  0.0000  0.0000  0.0000  0.0000  0.0000  0.0000  0.0000
 9.5833 1000.0000  0.0000  0.0000  0.0000  0.0000  0.0000  0.0000  0.0000
 9.6250 1000.0000  0.0000  0.0000  0.0000  0.0000  0.0000  0.0000  0.0000
 9.6667 1000.0000  0.0000  0.0000  0.0000  0.0000  0.0000  0.0000  0.0000
 9.7083 1000.0000  0.0000  0.0000  0.0000  0.0000  0.0000  0.0000  0.0000
 9.7500 1000.0000  0.0000  0.0000  0.0000  0.0000  0.0000  0.0000  0.0000
 9.7917 1000.0000  0.0000  0.0000  0.0000  0.0000  0.0000  0.0000  0.0000
 9.8333 1000.0000  0.0000  0.0000  0.0000  0.0000  0.0000  0.0000  0.0000
 9.8750 1000.0000  0.0000  0.0000  0.0000  0.0000  0.0000  0.0000  0.0000
 9.9167 1000.0000  0.0000  0.0000  0.0000  0.0000  0.0000  0.0000  0.0000
 9.9583 1000.0000  0.0000  0.0000  0.0000  0.0000  0.0000  0.0000  0.0000
10.0000 1000.0000  0.0000  0.0000  0.0000  0.0000  0.0000  0.0000  0.0000
10.0417 1000.0000  0.0000  0.0000  0.0000  0.0000  0.0000  0.0000  0.0000
10.0833 1000.0000  0.0000  0.0000  0.0000  0.0000  0.0000  0.0000  0.0000
10.1250 1000.0000  0.0000  0.0000  0.0000  0.0000  0.0000  0.0000  0.0000
10.1667 1000.0000  0.0000  0.0000  0.0000  0.0000  0.0000  0.0000  0.0000
10.2083 1000.0000  0.0000  0.0000  0.0000  0.0000  0.0000  0.0000  0.0000
10.2500 1000.0000  0.0000  0.0000  0.0000  0.0000  0.0000  0.0000  0.0000
10.2917 1000.0000  0.0000  0.0000  0.0000  0.0000  0.0000  0.0000  0.0000
10.3333 1000.0000  0.0000  0.0000  0.0000  0.0000  0.0000  0.0000  0.0000
10.3750 1000.0000  0.0000  0.0000  0.0000  0.0000  0.0000  0.0000  0.0000
10.4167 1000.0000  0.0000  0.0000  0.0000  0.0000  0.0000  0.0000  0.0000
10.4583 1000.0000  0.0000  0.0000  0.0000  0.0000  0.0000  0.0000  0.0000
10.5000 1000.0000  0.0000  0.0000  0.0000  0.0000  0.0000  0.0000  0.0000
10.5417 1000.0000  0.0000  0.0000  0.0000  0.0000  0.0000  0.0000  0.0000
10.5833 1000.0000  0.0000  0.0000  0.0000  0.0000  0.0000  0.0000  0.0000
10.6250 1000.0000  0.0000  0.0000  0.0000  0.0000  0.0000  0.0000  0.0000
10.6667 1000.0000  0.0000  0.0000  0.0000  0.0000  0.0000  0.0000  0.0000
10.7083 1000.0000  0.0000  0.0000  0.0000  0.0000  0.0000  0.0000  0.0000
10.7500 1000.0000  0.0000  0.0000  0.0000  0.0000  0.0000  0.0000  0.0000
10.7917 1000.0000  0.0000  0.0000  0.0000  0.0000  0.0000  0.0000  0.0000
10.8333 1000.0000  0.0000  0.0000  0.0000  0.0000  0.0000  0.0000  0.0000
10.8750 1000.0000  0.0000  0.0000  0.0000  0.0000  0.0000  0.0000  0.0000
10.9167 1000.0000  0.0000  0.0000  0.0000  0.0000  0.0000  0.0000  0.0000
10.9583 1000.0000  0.0000  0.0000  0.0000  0.0000  0.0000  0.0000  0.0000
11.0000 1000.0000  0.0000  0.0000  0.0000  0.0000  0.0000  0.0000  0.0000
11.0417 1000.0000  0.0000  0.0000  0.0000  0.0000  0.0000  0.0000  0.0000
11.0833 1000.0000  0.0000  0.0000  0.0000  0.0000  0.0000  0.0000  0.0000
11.1250 1000.0000  0.0000  0.0000  0.0000  0.0000  0.0000  0.0000  0.0000
11.1667 1000.0000  0.0000  0.0000  0.0000  0.0000  0.0000  0.0000  0.0000
11.2083 1000.0000  0.0000  0.0000  0.0000  0.0000  0.0000  0.0000  0.0000
11.2500 1000.0000  0.0000  0.0000  0.0000  0.0000  0.0000  0.0000  0.0000
11.2917 1000.0000  0.0000  0.0000  0.0000  0.0000  0.0000  0.0000  0.0000
11.3333 1000.0000  0.0000  0.0000  0.0000  0.0000  0.0000  0.0000  0.0000
11.3750 1000.0000  0.0000  0.0000  0.0000  0.0000  0.0000  0.0000  0.0000
11.4167 1000.0000  0.0000  0.0000  0.0000  0.0000  0.0000  0.0000  0.0000
11.4583 1000.0000  0.0000  0.0000  0.0000  0.0000  0.0000  0.0000  0.0000
11.5000 1000.0000  0.0000  0.0000  0.0000  0.0000  0.0000  0.0000  0.0000
11.5417 1000.0000  0.0000  0.0000  0.0000  0.0000  0.0000  0.0000  0.0000
11.5833 1000.0000  0.0000  0.0000  0.0000  0.0000  0.0000  0.0000  0.0000
11.6250 1000.0000  0.0000  0.0000  0.0000  0.0000  0.0000  0.0000  0.0000
11.6667 1000.0000  0.0000  0.0000  0.0000  0.0000  0.0000  0.0000  0.0000
11.7083 1000.0000  0.0000  0.0000  0.0000  0.0000  0.0000  0.0000  0.0000
11.7500 1000.0000  0.0000  0.0000  0.0000  0.0000  0.0000  0.0000  0.0000
11.7917 1000.0000  0.0000  0.0000  0.0000  0.0000  0.0000  0.0000  0.0000
11.8333 1000.0000  0.0000  0.0000  0.0000  0.0000  0.0000  0.0000  0.0000
11.8750 1000.0000  0.0000  0.0000  0.0000  0.0000  0.0000  0.0000  0.0000
11.9167 1000.0000  0.0000  0.0000  0.0000  0.0000  0.0000  0.0000  0.0000
11.9583 1000.0000  0.0000  0.0000  0.0000  0.0000  0.0000  0.0000  0.0000
12.0000 1000.0000  0.0000  0.0000  0.0000  0.0000  0.0000  0.0000  0.0000
12.0417 1000.0000  0.0000  0.0000  0.0000  0.0000  0.0000  0.0000  0.0000
12.0833 1000.0000  0.0000  0.0000  0.0000  0.0000  0.0000  0.0000  0.0000
12.1250 1000.0000  0.0000  0.0000  0.0000  0.0000  0.0000  0.0000  0.0000
12.1667 1000.0000  0.0000  0.0000  0.0000  0.0000  0.0000  0.0000  0.0000
12.2083 1000.0000  0.0000  0.0000  0.0000  0.0000  0.0000  0.0000  0.0000
12.2500 1000.0000  0.0000  0.0000  0.0000  0.0000  0.0000  0.0000  0.0000
12.2917 1000.0000  0.0000  0.0000  0.0000  0.0000  0.0000  0.0000  0.0000
12.3333 1000.0000  0.0000  0.0000  0.0000  0.0000  0.0000  0.0000  0.0000
12.3750 1000.0000  0.0000  0.0000  0.0000  0.0000  0.0000  0.0000  0.0000
12.4167 1000.0000  0.0000  0.0000  0.0000  0.0000  0.0000  0.0000  0.0000
12.4583 1000.0000  0.0000  0.0000  0.0000  0.0000  0.0000  0.0000  0.0000
12.5000 1000.0000  0.0000  0.0000  0.0000  0.0000  0.0000  0.0000  0.0000
12.5417 1000.0000  0.0000  0.0000  0.0000  0.0000  0.0000  0.0000  0.0000
12.5833 1000.0000  0.0000  0.0000  0.0000  0.0000  0.0000  0.0000  0.0000
12.6250 1000.0000  0.0000  0.0000  0.0000  0.0000  0.0000  0.0000  0.0000
12.6667 1000.0000  0.0000  0.0000  0.0000  0.0000  0.0000  0.0000  0.0000
12.7083 1000.0000  0.0000  0.0000  0.0000  0.0000  0.0000  0.0000  0.0000
12.7500 1000.0000  0.0000  0.0000  0.0000  0.0000  0.0000  0.0000  0.0000
12.7917 1000.0000  0.0000  0.0000  0.0000  0.0000  0.0000  0.0000  0.0000
12.8333 1000.0000  0.0000  0.0000  0.0000  0.0000  0.0000  0.0000  0.0000
12.8750 1000.0000  0.0000  0.0000  0.0000  0.0000  0.0000  0.0000  0.0000
12.9167 1000.0000  0.0000  0.0000  0.0000  0.0000  0.0000  0.0000  0.0000
12.9583 1000.0000  0.0000  0.0000  0.0000  0.0000  0.0000  0.0000  0.0000
13.0000 1000.0000  0.0000  0.0000  0.0000  0.0000  0.0000  0.0000  0.0000
13.0417 1000.0000  0.0000  0.0000  0.0000  0.0000  0.0000  0.0000  0.0000
13.0833 1000.0000  0.0000  0.0000  0.0000  0.0000  0.0000  0.0000  0.0000
13.1250 1000.0000  0.0000  0.0000  0.0000  0.0000  0.0000  0.0000  0.0000
13.1667 1000.0000  0.0000  0.0000  0.0000  0.0000  0.0000  0.0000  0.0000
13.2083 1000.0000  0.0000  0.0000  0.0000  0.0000  0.0000  0.0000  0.0000
13.2500 1000.0000  0.0000  0.0000  0.0000  0.0000  0.0000  0.0000  0.0000
13.2917 1000.0000  0.0000  0.0000  0.0000  0.0000  0.0000  0.0000  0.0000
13.3333 1000.0000  0.0000  0.0000  0.0000  0.0000  0.0000  0.0000  0.0000
13.3750 1000.0000  0.0000  0.0000  0.0000  0.0000  0.0000  0.0000  0.0000
13.4167 1000.0000  0.0000  0.0000  0.0000  0.0000  0.0000  0.0000  0.0000
13.4583 1000.0000  0.0000  0.0000  0.0000  0.0000  0.0000  0.0000  0.0000
13.5000 1000.0000  0.0000  0.0000  0.0000  0.0000  0.0000  0.0000  0.0000
13.5417 1000.0000  0.0000  0.0000  0.0000  0.0000  0.0000  0.0000  0.0000
13.5833 1000.0000  0.0000  0.0000  0.0000  0.0000  0.0000  0.0000  0.0000
13.6250 1000.0000  0.0000  0.0000  0.0000  0.0000  0.0000  0.0000  0.0000
13.6667 1000.0000  0.0000  0.0000  0.0000  0.0000  0.0000  0.0000  0.0000
13.7083 1000.0000  0.0000  0.0000  0.0000  0.0000  0.0000  0.0000  0.0000
13.7500 1000.0000  0.0000  0.0000  0.0000  0.0000  0.0000  0.0000  0.0000
13.7917 1000.0000  0.0000  0.0000  0.0000  0.0000  0.0000  0.0000  0.0000
13.8333 1000.0000  0.0000  0.0000  0.0000  0.0000  0.0000  0.0000  0.0000
13.8750 1000.0000  0.0000  0.0000  0.0000  0.0000  0.0000  0.0000  0.0000
13.9167 1000.0000  0.0000  0.0000  0.0000  0.0000  0.0000  0.0000  0.0000
13.9583 1000.0000  0.0000  0.0000  0.0000  0.0000  0.0000  0.0000  0.0000
14.0000 1000.0000  0.0000  0.0000  0.0000  0.0000  0.0000  0.0000  0.0000
14.0417 1000.0000  0.0000  0.0000  0.0000  0.0000  0.0000  0.0000  0.0000
14.0833 1000.0000  0.0000  0.0000  0.0000  0.0000  0.0000  0.0000  0.0000
14.1250 1000.0000  0.0000  0.0000  0.0000  0.0000  0.0000  0.0000  0.0000
14.1667 1000.0000  0.0000  0.0000  0.0000  0.0000  0.0000  0.0000  0.0000
14.2083 1000.0000  0.0000  0.0000  0.0000  0.0000  0.0000  0.0000  0.0000
14.2500 1000.0000  0.0000  0.0000  0.0000  0.0000  0.0000  0.0000  0.0000
14.2917 1000.0000  0.0000  0.0000  0.0000  0.0000  0.0000  0.0000  0.0000
14.3333 1000.0000  0.0000  0.0000  0.0000  0.0000  0.0000  0.0000  0.0000
14.3750 1000.0000  0.0000  0.0000  0.0000  0.0000  0.0000  0.0000  0.0000
14.4167 1000.0000  0.0000  0.0000  0.0000  0.0000  0.0000  0.0000  0.0000
14.4583 1000.0000  0.0000  0.0000  0.0000  0.0000  0.0000  0.0000  0.0000
14.5000 1000.0000  0.0000  0.0000  0.0000  0.0000  0.0000  0.0000  0.0000
14.5417 1000.0000  0.0000  0.0000  0.0000  0.0000  0.0000  0.0000  0.0000
14.5833 1000.0000  0.0000  0.0000  0.0000  0.0000  0.0000  0.0000  0.0000
14.6250 1000.0000  0.0000  0.0000  0.0000  0.0000  0.0000  0.0000  0.0000
14.6667 1000.0000  0.0000  0.0000  0.0000  0.0000  0.0000  0.0000  0.0000
14.7083 1000.0000  0.0000  0.0000  0.0000  0.0000  0.0000  0.0000  0.0000
14.7500 1000.0000  0.0000  0.0000  0.0000  0.0000  0.0000  0.0000  0.0000
14.7917 1000.0000  0.0000  0.0000  0.0000  0.0000  0.0000  0.0000  0.0000
14.8333 1000.0000  0.0000  0.0000  0.0000  0.0000  0.0000  0.0000  0.0000
14.8750 1000.0000  0.0000  0.0000  0.0000  0.0000  0.0000  0.0000  0.0000
14.9167 1000.0000  0.0000  0.0000  0.0000  0.0000  0.0000  0.0000  0.0000
14.9583 1000.0000  0.0000  0.0000  0.0000  0.0000  0.0000  0.0000  0.0000
15.0000 1000.0000  0.0000  0.0000  0.0000  0.0000  0.0000  0.0000  0.0000
15.0417 1000.0000  0.0000  0.0000  0.0000  0.0000  0.0000  0.0000  0.0000
15.0833 1000.0000  0.0000  0.0000  0.0000  0.0000  0.0000  0.0000  0.0000
15.1250 1000.0000  0.0000  0.0000  0.0000  0.0000  0.0000  0.0000  0.0000
15.1667 1000.0000  0.0000  0.0000  0.0000  0.0000  0.0000  0.0000  0.0000
15.2083 1000.0000  0.0000  0.0000  0.0000  0.0000  0.0000  0.0000  0.0000
15.2500 1000.0000  0.0000  0.0000  0.0000  0.0000  0.0000  0.0000  0.0000
15.2917 1000.0000  0.0000  0.0000  0.0000  0.0000  0.0000  0.0000  0.0000
15.3333 1000.0000  0.0000  0.0000  0.0000  0.0000  0.0000  0.0000  0.0000
15.3750 1000.0000  0.0000  0.0000  0.0000  0.0000  0.0000  0.0000  0.0000
15.4167 1000.0000  0.0000  0.0000  0.0000  0.0000  0.0000  0.0000  0.0000
15.4583 1000.0000  0.0000  0.0000  0.0000  0.0000  0.0000  0.0000  0.0000
15.5000 1000.0000  0.0000  0.0000  0.0000  0.0000  0.0000  0.0000  0.0000
15.5417 1000.0000  0.0000  0.0000  0.0000  0.0000  0.0000  0.0000  0.0000
15.5833 1000.0000  0.0000  0.0000  0.0000  0.0000  0.0000  0.0000  0.0000
15.6250 1000.0000  0.0000  0.0000  0.0000  0.0000  0.0000  0.0000  0.0000
15.6667 1000.0000  0.0000  0.0000  0.0000  0.0000  0.0000  0.0000  0.0000
15.7083 1000.0000  0.0000  0.0000  0.0000  0.0000  0.0000  0.0000  0.0000
15.7500 1000.0000  0.0000  0.0000  0.0000  0.0000  0.0000  0.0000  0.0000
15.7917 1000.0000  0.0000  0.0000  0.0000  0.0000  0.0000  0.0000  0.0000
15.8333 1000.0000  0.0000  0.0000  0.0000  0.0000  0.0000  0.0000  0.0000
15.8750 1000.0000  0.0000  0.0000  0.0000  0.0000  0.0000  0.0000  0.0000
15.9167 1000.0000  0.0000  0.0000  0.0000  0.0000  0.0000  0.0000  0.0000
15.9583 1000.0000  0.0000  0.0000  0.0000  0.0000  0.0000  0.0000  0.0000
16.0000 1000.0000  0.0000  0.0000  0.0000  0.0000  0.0000  0.0000  0.0000
16.0417 1000.0000  0.0000  0.0000  0.0000  0.0000  0.0000  0.0000  0.0000
16.0833 1000.0000  0.0000  0.0000  0.0000  0.0000  0.0000  0.0000  0.0000
16.1250 1000.0000  0.0000  0.0000  0.0000  0.0000  0.0000  0.0000  0.0000
16.1667 1000.0000  0.0000  0.0000  0.0000  0.0000  0.0000  0.0000  0.0000
16.2083 1000.0000  0.0000  0.0000  0.0000  0.0000  0.0000  0.0000  0.0000
16.2500 1000.0000  0.0000  0.0000  0.0000  0.0000  0.0000  0.0000  0.0000
16.2917 1000.0000  0.0000  0.0000  0.0000  0.0000  0.0000  0.0000  0.0000
16.3333 1000.0000  0.0000  0.0000  0.0000  0.0000  0.0000  0.0000  0.0000
16.3750 1000.0000  0.0000  0.0000  0.0000  0.0000  0.0000  0.0000  0.0000
16.4167 1000.0000  0.0000  0.0000  0.0000  0.0000  0.0000  0.0000  0.0000
16.4583 1000.0000  0.0000  0.0000  0.0000  0.0000  0.0000  0.0000  0.0000
16.5000 1000.0000  0.0000  0.0000  0.0000  0.0000  0.0000  0.0000  0.0000
16.5417 1000.0000  0.0000  0.0000  0.0000  0.0000  0.0000  0.0000  0.0000
16.5833 1000.0000  0.0000  0.0000  0.0000  0.0000  0.0000  0.0000  0.0000
16.6250 1000.0000  0.0000  0.0000  0.0000  0.0000  0.0000  0.0000  0.0000
16.6667 1000.0000  0.0000  0.0000  0.0000  0.0000  0.0000  0.0000  0.0000
16.7083 1000.0000  0.0000  0.0000  0.0000  0.0000  0.0000  0.0000  0.0000
16.7500 1000.0000  0.0000  0.0000  0.0000  0.0000  0.0000  0.0000  0.0000
16.7917 1000.0000  0.0000  0.0000  0.0000  0.0000  0.0000  0.0000  0.0000
16.8333 1000.0000  0.0000  0.0000  0.0000  0.0000  0.0000  0.0000  0.0000
16.8750 1000.0000  0.0000  0.0000  0.0000  0.0000  0.0000  0.0000  0.0000
16.9167 1000.0000  0.0000  0.0000  0.0000  0.0000  0.0000  0.0000  0.0000
16.9583 1000.0000  0.0000  0.0000  0.0000  0.0000  0.0000  0.0000  0.0000
17.0000 1000.0000  0.0000  0.0000  0.0000  0.0000  0.0000  0.0000  0.0000
17.0417 1000.0000  0.0000  0.0000  0.0000  0.0000  0.0000  0.0000  0.0000
17.0833 1000.0000  0.0000  0.0000  0.0000  0.0000  0.0000  0.0000  0.0000
17.1250 1000.0000  0.0000  0.0000  0.0000  0.0000  0.0000  0.0000  0.0000
17.1667 1000.0000  0.0000  0.0000  0.0000  0.0000  0.0000  0.0000  0.0000
17.2083 1000.0000  0.0000  0.0000  0.0000  0.0000  0.0000  0.0000  0.0000
17.2500 1000.0000  0.0000  0.0000  0.0000  0.0000  0.0000  0.0000  0.0000
17.2917 1000.0000  0.0000  0.0000  0.0000  0.0000  0.0000  0.0000  0.0000
17.3333 1000.0000  0.0000  0.0000  0.0000  0.0000  0.0000  0.0000  0.0000
17.3750 1000.0000  0.0000  0.0000  0.0000  0.0000  0.0000  0.0000  0.0000
17.4167 1000.0000  0.0000  0.0000  0.0000  0.0000  0.0000  0.0000  0.0000
17.4583 1000.0000  0.0000  0.0000  0.0000  0.0000  0.0000  0.0000  0.0000
17.5000 1000.0000  0.0000  0.0000  0.0000  0.0000  0.0000  0.0000  0.0000
17.5417 1000.0000  0.0000  0.0000  0.0000  0.0000  0.0000  0.0000  0.0000
17.5833 1000.0000  0.0000  0.0000  0.0000  0.0000  0.0000  0.0000  0.0000
17.6250 1000.0000  0.0000  0.0000  0.0000  0.0000  0.0000  0.0000  0.0000
17.6667 1000.0000  0.0000  0.0000  0.0000  0.0000  0.0000  0.0000  0.0000
17.7083 1000.0000  0.0000  0.0000  0.0000  0.0000  0.0000  0.0000  0.0000
17.7500 1000.0000  0.0000  0.0000  0.0000  0.0000  0.0000  0.0000  0.0000
17.7917 1000.0000  0.0000  0.0000  0.0000  0.0000  0.0000  0.0000  0.0000
17.8333 1000.0000  0.0000  0.0000  0.0000  0.0000  0.0000  0.0000  0.0000
17.8750 1000.0000  0.0000  0.0000  0.0000  0.0000  0.0000  0.0000  0.0000
17.9167 1000.0000  0.0000  0.0000  0.0000  0.0000  0.0000  0.0000  0.0000
17.9583 1000.0000  0.0000  0.0000  0.0000  0.0000  0.0000  0.0000  0.0000
18.0000 1000.0000  0.0000  0.0000  0.0000  0.0000  0.0000  0.0000  0.0000
18.0417 1000.0000  0.0000  0.0000  0.0000  0.0000  0.0000  0.0000  0.0000
18.0833 1000.0000  0.0000  0.0000  0.0000  0.0000  0.0000  0.0000  0.0000
18.1250 1000.0000  0.0000  0.0000  0.0000  0.0000  0.0000  0.0000  0.0000
18.1667 1000.0000  0.0000  0.0000  0.0000  0.0000  0.0000  0.0000  0.0000
18.2083 1000.0000  0.0000  0.0000  0.0000  0.0000  0.0000  0.0000  0.0000
18.2500 1000.0000  0.0000  0.0000  0.0000  0.0000  0.0000  0.0000  0.0000
18.2917 1000.0000  0.0000  0.0000  0.0000  0.0000  0.0000  0.0000  0.0000
18.3333 1000.0000  0.0000  0.0000  0.0000  0.0000  0.0000  0.0000  0.0000
18.3750 1000.0000  0.0000  0.0000  0.0000  0.0000  0.0000  0.0000  0.0000
18.4167 1000.0000  0.0000  0.0000  0.0000  0.0000  0.0000  0.0000  0.0000
18.4583 1000.0000  0.0000  0.0000  0.0000  0.0000  0.0000  0.0000  0.0000
18.5000 1000.0000  0.0000  0.0000  0.0000  0.0000  0.0000  0.0000  0.0000
18.5417 1000.0000  0.0000  0.0000  0.0000  0.0000  0.0000  0.0000  0.0000
18.5833 1000.0000  0.0000  0.0000  0.0000  0.0000  0.0000  0.0000  0.0000
18.6250 1000.0000  0.0000  0.0000  0.0000  0.0000  0.0000  0.0000  0.0000
18.6667 1000.0000  0.0000  0.0000  0.0000  0.0000  0.0000  0.0000  0.0000
18.7083 1000.0000  0.0000  0.0000  0.0000  0.0000  0.0000  0.0000  0.0000
18.7500 1000.0000  0.0000  0.0000  0.0000  0.0000  0.0000  0.0000  0.0000
18.7917 1000.0000  0.0000  0.0000  0.0000  0.0000  0.0000  0.0000  0.0000
18.8333 1000.0000  0.0000  0.0000  0.0000  0.0000  0.0000  0.0000  0.0000
18.8750 1000.0000  0.0000  0.0000  0.0000  0.0000  0.0000  0.0000  0.0000
18.9167 1000.0000  0.0000  0.0000  0.0000  0.0000  0.0000  0.0000  0.0000
18.9583 1000.0000  0.0000  0.0000  0.0000  0.0000  0.0000  0.0000  0.0000
19.0000 1000.0000  0.0000  0.0000  0.0000  0.0000  0.0000  0.0000  0.0000
19.0417 1000.0000  0.0000  0.0000  0.0000  0.0000  0.0000  0.0000  0.0000
19.0833 1000.0000  0.0000  0.0000  0.0000  0.0000  0.0000  0.0000  0.0000
19.1250 1000.0000  0.0000  0.0000  0.0000  0.0000  0.0000  0.0000  0.0000
19.1667 1000.0000  0.0000  0.0000  0.0000  0.0000  0.0000  0.0000  0.0000
19.2083 1000.0000  0.0000  0.0000  0.0000  0.0000  0.0000  0.0000  0.0000
19.2500 1000.0000  0.0000  0.0000  0.0000  0.0000  0.0000  0.0000  0.0000
19.2917 1000.0000  0.0000  0.0000  0.0000  0.0000  0.0000  0.0000  0.0000
19.3333 1000.0000  0.0000  0.0000  0.0000  0.0000  0.0000  0.0000  0.0000
19.3750 1000.0000  0.0000  0.0000  0.0000  0.0000  0.0000  0.0000  0.0000
19.4167 1000.0000  0.0000  0.0000  0.0000  0.0000  0.0000  0.0000  0.0000
19.4583 1000.0000  0.0000  0.0000  0.0000  0.0000  0.0000  0.0000  0.0000
19.5000 1000.0000  0.0000  0.0000  0.0000  0.0000  0.0000  0.0000  0.0000
19.5417 1000.0000  0.0000  0.0000  0.0000  0.0000  0.0000  0.0000  0.0000
19.5833 1000.0000  0.0000  0.0000  0.0000  0.0000  0.0000  0.0000  0.0000
19.6250 1000.0000  0.0000  0.0000  0.0000  0.0000  0.0000  0.0000  0.0000
19.6667 1000.0000  0.0000  0.0000  0.0000  0.0000  0.0000  0.0000  0.0000
19.7083 1000.0000  0.0000  0.0000  0.0000  0.0000  0.0000  0.0000  0.0000
19.7500 1000.0000  0.0000  0.0000  0.0000  0.0000  0.0000  0.0000  0.0000
19.7917 1000.0000  0.0000  0.0000  0.0000  0.0000  0.0000  0.0000  0.0000
19.8333 1000.0000  0.0000  0.0000  0.0000  0.0000  0.0000  0.0000  0.0000
19.8750 1000.0000  0.0000  0.0000  0.0000  0.0000  0.0000  0.0000  0.0000
19.9167 1000.0000  0.0000  0.0000  0.0000  0.0000  0.0000  0.0000  0.0000
19.9583 1000.0000  0.0000  0.0000  0.0000  0.0000  0.0000  0.0000  0.0000
20.0000 1000.0000  0.0000  0.0000  0.0000  0.0000  0.0000  0.0000  0.0000
