0 1
0.6314079092713034 7.0
0.1720886471898293 35.0
0.0726142580653375 30.0
0.6914813860253377 27.0
0.804559875714971 25.0
0.28789945028942077 25.0
0.8719723699564481 19.0
0.9985294149993617 6.0
0.23374001656559118 11.0
0.015721145010214932 13.0
0.1420949265310929 15.0
0.4388799721831588 10.0
0.22622450783060755 20.0
0.5095430859737259 34.0
0.30915462120393133 21.0
0.5533954878012121 29.0
0.5968316268428077 28.0
0.7273531622527203 3.0
0.021994878452145206 33.0
0.417646997582107 25.0
0.2072567517072832 11.0
0.9902592771376129 11.0
0.5230258590005614 8.0
0.7022719917179728 25.0
0.30068291960949967 30.0
0.682444179316335 19.0
0.7435995558380226 16.0
0.0838874615342009 17.0
0.47491147947313606 33.0
0.44392663683318423 17.0
0.8658814479357799 1.0
0.6405944614669273 11.0
0.4492529707282439 26.0
0.5161966801542305 16.0
0.5852365504875053 2.0
0.8313856460282262 25.0
0.37961752719435704 18.0
0.6000462732530072 12.0
0.25385441450260515 13.0
0.09552699699711587 2.0
0.9854538397589282 4.0
0.680977493687162 2.0
0.6195388522740888 18.0
0.6675223996516895 16.0
0.15605469164300523 32.0
0.7083424973765331 1.0
0.8469579076576738 3.0
0.2150682645124098 20.0
0.6054286158581917 32.0
0.5829300039284827 10.0
0.7938886148723734 31.0
0.04589653042292341 32.0
0.7958343728001572 8.0
0.11348639454260989 33.0
0.9337335470723281 29.0
0.129221181701085 28.0
0.211908389329442 1.0
0.23593100810899348 28.0
0.6959766149870106 4.0
0.29782321787639 19.0
0.5040549071528582 22.0
0.4994600653492226 18.0
0.8820196459244533 25.0
0.22601254152370354 30.0
0.5340074839209527 14.0
0.833290015518746 23.0
0.3940757008462574 5.0
0.5330889712599921 12.0
0.242315449067401 32.0
0.9632678469443969 9.0
0.9123723509071414 18.0
0.9234676517959879 25.0
0.7395033207153786 3.0
0.01855534369515832 26.0
0.5040919176351419 23.0
0.3567238172526054 24.0
0.4620853213011473 32.0
0.8728598795106691 2.0
0.9705950945085488 31.0
0.21814546398256363 10.0
0.24817958964780695 19.0
0.2029981528800573 1.0
0.04738099423401532 26.0
0.41474963575382107 1.0
0.13644331366590134 19.0
0.17554156374531105 10.0
0.3633718268061319 21.0
0.17731325588855706 14.0
0.5851520168016033 14.0
0.7364714312779037 2.0
0.2094794168527354 19.0
0.2810526919437083 29.0
0.40902752835529 28.0
0.7476033581991254 11.0
0.6519448230679098 26.0
0.8482499913719975 17.0
0.5942697535986626 10.0
0.4624533791944798 17.0
0.3693880843959175 16.0
0.6168196801698661 17.0
