9.445720205014203 54.78833320983079
10.132836770414283 54.319501940856796
10.723672944979773 53.869091087570325
9.990915531335148 54.07872515894641
9.111528641851121 54.136441338691355
10.606314226894106 53.58982153955997
8.967113844271939 54.597562527973494
10.77097421299914 54.145076312311275
9.745716690232811 53.719567184004084
10.363902532855917 54.24620814271415
9.783886585195878 54.292321779254415
9.499928838713384 54.62757811436506
10.145699970354409 53.921905453246545
9.519000164398685 53.92967331461348
10.337271214471281 53.722504983895455
10.021958912434474 53.544559291886756
10.524425421190562 52.27506215524771
10.3690960264372 52.119864530617235
10.785281654129767 52.4089218389101
10.60768029308448 52.580200176729676
10.398772046258342 51.873169843168796
10.895802555757978 52.25846289977195
9.847748090286233 51.74117932435504
10.250153092300309 52.30511291414936
10.650648955607759 52.13720032001291
10.094591784920853 51.565929684980915
9.718007146048079 52.422447329422084
8.699889183185181 52.7270941046727
9.395424927945063 52.09545081640187
9.947657946036001 52.09051549404026
9.552732525860161 51.88614309380452
9.11493582167823 52.613713042906284
9.206104869536315 52.293049061708665
10.102293569029626 52.712563672742235
8.80638147774858 53.612996568998
9.96356320306732 53.315766016029386
11.12897742690523 53.01970482456544
10.574355687353618 53.22989663647778
8.811864929086342 53.24835386212727
9.303104506582143 53.25458825539937
9.773189636447212 52.93054017807226
9.416613133384082 53.57867642063827
10.554557746365576 52.97820946352988
9.17817835745567 52.977586184696825
8.648879525222553 53.05416597428288
7.176085073005913 53.360994328466276
8.233920548845617 53.145121134938236
8.058484672840704 52.27370980938194
8.077724282489518 53.57307126733312
8.008753018072156 53.21524940774178
7.372895053964234 53.488863665603155
7.908177463031721 52.908704997919386
7.404801453827396 52.73845572121501
7.985112415260699 53.50633282226703
7.018654283101335 52.47824387113815
7.498538468933175 53.22664745136549
8.397086593672269 52.9876410546993
8.042719058341113 52.38342997229894
8.221048062683474 52.661896811314904
8.39306215293854 53.34935492648923
7.718101859434508 53.55625045040974
8.799277458653307 53.10237337562924
8.579119238211632 53.5411205418067
6.808711596605266 51.22972684435009
6.73152013324137 51.441093023007134
7.016429075176021 51.43571110995118
6.575823851261621 51.34615383798141
6.405035271404174 51.16935324868196
6.875813361792955 51.416584091070796
6.847564251905336 51.510480930605695
7.228133225458471 51.18003984627832
7.050777364341083 51.160769466484254
7.172432483474976 51.24646946805162
6.264022048404833 51.65182866432919
6.965494951562287 51.25614665897617
6.639903769521456 51.142174009599536
6.326138257732054 51.28579263288679
6.618405824825976 51.62658381499303
7.114652387056149 50.69998021093346
6.974289543474733 50.949435867435454
7.00449616837942 51.05802606208287
6.217303940018024 50.732767055431886
6.444789564648927 50.82293141393354
6.722938326363133 50.90012964578608
6.635991869048331 50.532796050290784
6.160564539810655 51.05124694572103
7.509849190283401 51.01049489087046
7.188792317618535 51.028921116434184
7.2258638906118176 50.76149410870648
6.915077691486404 51.5716281426879
7.070199445667858 51.55443131596932
7.621529728121671 51.95511483129039
6.906416498806428 51.96541114447202
7.368201632318954 51.863430939999276
7.151132003837303 51.67393680487053
7.58456265053796 52.20867508880307
7.952858230392026 51.87108576837063
8.541169647123558 52.01066828842136
8.352017998288865 51.92969181822226
8.640877949102327 52.1688705785773
9.184045411209794 51.68561198638144
8.949434595715763 51.98092171491919
8.740886905633081 52.35233824798969
8.722527059240063 51.66202154951831
7.222802904865649 51.47286035285574
7.471778730082595 51.517911031729014
7.506996061011609 51.35374166880226
7.816667358785443 51.66776389260996
7.210749133749135 51.536321552321546
7.329738654344074 51.345550761771186
8.384258591932564 51.30614120762606
7.7120343728552765 51.26235970896658
7.976495737557624 51.084126659250614
8.196605248050217 50.9363922761071
8.215066784805263 51.565348232243196
7.636482651495878 51.58065494682259
8.664484717232426 49.87476334374197
8.641392209668597 50.11680631470474
8.785657337367626 50.09496337619768
8.259998791739894 50.0774257896407
8.641260495367554 49.63292365295429
8.793339681305865 49.85433808216737
8.468000384310665 49.909967939621836
8.511452222630275 50.27669555682313
9.28020735204929 50.242424318084346
8.426962196857033 50.101616798964784
8.97288167214312 49.66765703670296
8.80319248738916 50.01691487051836
8.07546985001677 50.14302346542718
8.919464719694998 50.35497871997125
8.801277230662341 50.56724056704115
8.36735215396649 50.65021914019842
8.203102053184523 50.42881750444023
8.737679429623828 50.83639492684672
9.265745487762167 50.639908453653675
9.458885098458733 51.31460537263758
9.751829682012405 50.5645454864821
9.751130245323667 50.90789645656446
9.407518582240206 51.40443688660954
9.373044386737304 51.028638450080074
8.891857318360646 51.190557568912226
9.928117883940422 51.191185577507405
7.578524373082336 50.34572742058274
7.052115270382318 50.473226947219096
7.742179622067274 50.74891053967461
7.690824143587253 49.82923452761126
7.272439360042691 49.7132067905669
7.175587521749349 50.13567565870161
7.323125681652283 50.331762292861946
7.47060020134529 50.559022368136986
7.50029414035763 50.04697963593342
7.84181920189889 50.26475676184431
7.867491538587743 50.54727253553925
6.6600698720307445 49.76782159259714
6.970146128567452 49.92533264161379
6.4158884339683055 50.05857534027871
6.751280179410197 50.2375838618483
6.690319215943613 49.699151271457886
8.371104573661226 49.538863824408175
7.754691733144563 49.42755731619882
8.112666666666668 49.18766666666666
8.401615341229553 49.47925813122768
8.235129201877935 49.98207530516432
8.142680757026291 49.34618984839327
7.591487860742097 49.197234845014506
8.43903428235121 49.32703384094754
8.331503970259554 49.64819946763706
7.365060841811291 49.25547041691602
8.160207313711075 49.75404970330306
8.106383640919853 49.45349133773599
7.9071342993362626 49.62862626904739
8.25017026360258 49.11958072307193
7.684180228268034 49.44329028856607
7.469658042636294 49.55391123313343
8.058802761410814 49.192541701458715
8.356518275678287 49.41453534702513
8.084949497869284 49.922259581652625
7.657911063207126 49.20801848919547
9.170717762174661 48.77351353523391
8.95168208960888 48.68430693418517
9.367179658018616 48.643048236765566
9.716166730831326 48.66070755818285
9.121291514563028 48.93907046341935
9.497590997790724 48.89770729218263
9.18085706469703 49.153551695314505
9.191621265436055 49.17361575759517
9.620216616592641 49.27370608369045
9.910678935518142 49.14252135377453
9.729054722540614 49.56030332714543
10.182101551297093 48.662233275471294
10.092436966571837 48.873735285824104
8.227723885183376 48.74929241002839
8.408721974095577 49.0098543248474
8.564184022903492 49.083985090340995
8.241007978422276 48.75952482942709
8.684978267827777 49.40525234263765
8.500565152889594 49.49981941452168
9.280592382942597 49.468498657275816
8.765768533465792 49.37153019578625
8.706234493780235 48.88109686708131
8.63746894960234 48.680363095973945
8.73134762722763 48.910941660447854
8.462868544665675 48.475414734739154
7.8137961238765055 47.99991506506079
7.916867544885528 47.92585932865135
7.89582986592408 48.14716648122708
8.014855708709842 48.41931809440665
8.532062164022552 48.25636938034469
8.414845828968264 48.019872004902055
8.798648796713344 48.01223069575029
8.912181179215034 47.79990910743409
7.775711841154221 47.7025183803148
8.218236414742313 47.69585800804907
9.369299819246661 48.40630812012626
8.982316216390737 48.48515373209948
8.935868939860107 48.26588736143686
9.94914669730459 48.39831181383813
9.832566570448593 48.395889251137
9.769702650914319 48.106506974389696
9.408548326996613 47.730819189982554
9.780153518502013 47.826851155282206
9.237514392106322 48.04118348662517
11.396818014763134 48.75208641936857
11.550569652572397 48.15792795301084
12.101724237190561 47.842700921128376
12.70151560335639 48.212497537177114
12.902196199750488 47.69500421576501
11.482368438793467 47.727660269660674
11.355872450440947 48.331954533805686
11.91187263675262 48.077595832862094
11.369491946767178 48.899739440084524
11.99915390232324 48.301774678230046
11.736115797858908 48.449066451002885
11.193332427710766 48.18839064446928
11.125728321997467 47.55607873407693
10.944414982516754 48.02723404306984
11.806042542678115 47.746046718968806
12.374204380473904 48.23599410658455
11.623426392318244 48.06938211687242
11.197591348120708 48.664081391932406
11.520826874205266 48.59723828262539
12.156857195596825 47.87290951238259
11.279284937947816 48.00986590408344
12.58061704501735 47.89612013850394
11.054056041876816 47.79335389987862
12.177999999999999 48.543000000000006
13.42374245472837 48.58535010060363
12.574206569837056 48.88131761153626
12.994762113381313 48.77851570786842
13.513723982226425 48.82553381613946
11.861941927647173 48.820520182360994
12.197778138221336 48.55783014340783
13.360114401424024 48.55933499662952
13.103318596869569 49.02350000142631
12.868379285533257 48.42346098861746
12.585655254306502 48.89795553585437
12.612319794989457 48.64020833255608
11.838866666666668 49.449933333333334
12.110963308181681 49.014871023820085
12.150472698568242 49.67421607055365
11.804571095016481 49.48439319541863
12.69277485026232 49.235097935079764
11.570693343056211 49.216031461175064
12.105588506484555 49.68594308384852
12.121193099720616 49.01960506471216
12.24799064078658 49.36806579022599
12.198229446375677 49.89913471602339
10.889666666666665 49.889
11.58958068522171 49.93684710351377
10.965010214566332 50.258364279238435
11.894125490196082 50.311666666666675
10.891211236394652 49.89605782070769
11.550145615176621 49.88456389190126
10.945730428160902 50.268864851412495
11.178434720917423 49.72183606422841
11.818796973752848 50.27690929370316
11.376022314985601 50.32563699748676
11.48306646409502 50.10550599204422
11.118205959298962 50.11657093098935
12.032058261210858 50.0928481359029
10.568964935462166 49.29330995289656
10.983286154867171 49.581231188147804
10.966948457853782 49.49109803411579
11.0698814288934 49.438812621140414
11.027999999999999 49.337
10.478398280246875 49.25073063274716
10.917499520221561 49.63680690834488
10.84306225013762 49.44988612141394
11.365797338944505 49.48999823261182
10.462582049756717 49.5735290233304
11.12583886838334 49.20516776874955
10.891180239626951 49.03436088259789
9.143909587680078 49.963767511177345
10.216666666666667 50.047666666666665
9.935161934614394 49.78299762261694
9.237594749415994 50.008696552363865
9.960543067108816 50.2206359681786
10.246440178995199 50.37594071868233
10.60580269107376 50.06312729038833
10.25383937025467 49.755146260439176
9.225073836739403 49.75904653228599
9.657528485824164 49.991658399536476
10.26367838220233 50.01413965847942
9.937265924828393 49.739178154003525
10.894722138530081 48.34832574762013
10.620666666666665 47.879666666666665
10.305014453599892 47.74297163312171
10.165298749450134 47.990176270973414
11.056166322641692 48.4281344955658
10.731477751423506 48.3559006701634
10.52417338344495 48.59456225371671
10.378616418063514 48.356662856904094
10.144762970956547 48.2990263727903
9.88892009198171 47.60523382465879
10.640230251466647 47.76864877348638
10.39502243356168 48.04088890986825
10.713133513042601 48.80809421900122
10.266632337140852 47.580726690915085
6.958464899193865 49.255829318509356
6.68710769635263 49.494407081503134
7.1227646840579695 49.374033518840584
6.774954431458488 49.35650357316777
7.2450529897513904 49.24809069110806
7.093889487308319 49.51602800426632
13.39952330038027 52.499094997844956
12.510954507700202 52.39686522661504
14.36967478766035 51.77617371170473
14.491744191633204 52.315878993788395
13.033425135794694 52.42202910073736
13.70269575118432 52.82101542277443
13.819933605700264 52.04291793945611
13.46784546417384 51.61608558993274
12.629251696027298 52.61872215151764
14.151252633141256 52.608640955891005
13.210229891075324 52.910828158808386
13.949304612374727 51.61976703621445
14.211827740093025 52.24530271396335
12.641211587451288 52.98987885515105
12.690268011579795 52.24328621691397
11.965780293563858 53.11336667753503
14.429721300144212 51.75556259724486
13.27358905071352 52.07076836642999
13.862639189184238 53.205558854699134
12.14165167354886 54.14886136905361
11.41901285087304 53.6158832475556
13.001429094229108 53.54200996356917
12.224541674598454 53.91204469656475
12.807058928327951 54.21186517566535
11.246276643434324 53.82081369762929
13.780369571208997 53.786171885718204
11.536869239320515 53.45191734103162
12.91626767927135 50.82744089283708
12.946763498481365 50.611103844999164
13.136757259591 50.95692497749921
12.233657050276129 50.4579546793527
12.526400638290083 50.75058145522251
13.793299310511678 51.06959624208701
14.231151187880009 51.2701799305426
14.753506985551018 51.223191148918275
13.483897698660556 51.241084338596224
13.879084772328191 50.919110158384534
12.37929167585995 51.34587974751998
12.59395702046374 51.222021824683836
12.791927614371918 51.4728427250671
12.223636818692867 51.85575983770838
11.974588356183665 51.481192496457496
11.641766161710617 52.11131316002742
11.232920222496787 52.67926020752949
12.138722157722292 51.79876724751313
11.351496274642349 52.22005290841402
11.895672617133199 51.14424714391121
10.954369473290654 51.82142302969464
12.031748103846093 52.26693751835732
11.351416304424395 51.53302923261705
11.879011216272854 51.43248278534102
11.637924418132366 51.85127795701773
11.835028749194235 52.70136016979015
12.699537862473393 51.82125750855922
11.018916726343221 50.981943138191006
12.082459839967585 50.89125723353251
11.590187492497897 50.916536334173564
10.68746713843432 50.61402347044081
11.31796455885096 50.976742958403285
10.256047027375974 51.38342085964051
10.732289073637743 51.49967138650974
10.215046033655979 50.891655738149396
10.547874363784308 51.18535760646374
10.978026960523396 51.323477173366406
10.404830650928151 50.63369283766797
10.695167112618398 50.91089849786105
11.154247540281881 51.15810936481772
10.738149971639094 50.4372988277945
10.968966496229704 50.73786452906968
11.365022613380106 50.971971861688814
11.137198416757537 50.40630337009982
11.30298433037737 50.63181303203005
11.736546518688973 50.90379781229525
11.709031820093474 50.58000025846032
12.068609959120066 50.74339833685916
12.402376949553979 50.9499059987841
