9.4386269630692 54.784853256842354
10.132172245852134 54.32489881706117
10.727207202828357 53.872304390091486
9.98445026614288 54.081187660493484
9.108333322260892 54.13413140604691
10.602030889353372 53.588917820735865
8.930972198019395 54.61208589752513
10.76897074709733 54.14733118044838
9.746100329418928 53.71691670323626
10.363750943038577 54.243445289267264
9.781630714684226 54.28972044751272
9.498738259881641 54.62336992551544
10.140992159022876 53.92002589810801
9.519440460425303 53.92899634744935
10.33191714067109 53.7208499510421
10.027319082489585 53.54469576640913
10.52419118267658 52.27524363032124
10.37059415113168 52.12441795935957
10.78454146053312 52.41054907824463
10.604367964255246 52.58020453615509
10.400229497372798 51.874708031043994
10.88879423414709 52.26060331501863
9.848866612740885 51.74344751307851
10.255342756441992 52.30400852724148
10.646945955051983 52.13533039877547
10.087717200340022 51.563878288642535
9.719800409204757 52.42187769916482
8.70191703168752 52.72841083528964
9.389396842883398 52.095272255404936
9.94337669376694 52.0901927329176
9.551556133602276 51.88084865585773
9.114607153396902 52.60926846945761
9.20634151146901 52.29297887143592
10.103533648330377 52.713309660852644
8.812315527517784 53.61656026760299
9.963136931769876 53.31580920041992
11.122573875520358 53.02000343588178
10.573155860752449 53.232665789778736
8.808307640624733 53.25103354647446
9.306533879428287 53.25064674362831
9.769515298499043 52.92840512385032
9.417423025652504 53.57847745740668
10.54782069789577 52.983585090268946
9.17549673168469 52.973337104283665
8.646103624144969 53.04954322172887
7.1806537273783855 53.36102057667832
8.22417041036717 53.14467085433167
8.04660872672995 52.27751015946099
8.087579825975602 53.566857807658444
8.013534131756872 53.2183661264567
7.377437882212483 53.48904752428787
7.90476455505756 52.91103207528624
7.402769465841044 52.73823834892772
7.983731036308588 53.50505693452487
7.019509507528501 52.476228867310404
7.501084249505388 53.23036255023973
8.389697686702782 52.9882601118376
8.045525051523054 52.38154680973985
8.223081730784065 52.660453733623434
8.39037156160266 53.35610511320432
7.710791008380604 53.56460503429504
8.786455497545635 53.108660833157735
8.586697813056325 53.53782720041808
6.81051391196137 51.23542048479002
6.734707730072252 51.439036398371655
7.016562111023572 51.43434381393873
6.579424672872366 51.3455053374705
6.411671807074542 51.167213883677306
6.8784740339195265 51.41351989072906
6.846810855099812 51.512756943754766
7.22423068386006 51.18277382588171
7.066119807608218 51.16256184229703
7.169014209236769 51.250574867316466
6.258680082098786 51.65226960690995
6.968798397490845 51.25681127978514
6.649044167526413 51.14383234995964
6.326210337086892 51.282851391477955
6.618526759907447 51.62696197185523
7.1100006859855025 50.70594640970022
6.973174690112423 50.94566569296305
7.015416080219378 51.05323139062344
6.216970649992016 50.73277675710324
6.445344535061637 50.818063436659195
6.716395278495297 50.90502803323832
6.643964176874902 50.53638544237108
6.164125355682206 51.04942729772779
7.516377381863533 51.012869395073274
7.194733747519045 51.02290359634425
7.234514412708789 50.7607231518181
6.91958403355921 51.57214834462731
7.071469845568322 51.5539317255849
7.623424335919136 51.954539592988134
6.899520296987147 51.961357075829845
7.366218397729636 51.866712722386225
7.159108925232151 51.67249823707655
7.579470313070123 52.211597502440156
7.958151829841204 51.870300415293414
8.540808445478367 52.01092786890071
8.35106141794215 51.93178112426822
8.644271522057515 52.16755794948204
9.178099017433189 51.68495309087569
8.950870639539334 51.981417215985886
8.739097156772937 52.35237031483759
8.719645357583094 51.664098714252525
7.2249833561148185 51.46993894561927
7.475067109713957 51.51622836237966
7.498072102360679 51.348028331398375
7.823444672983333 51.66533799777452
7.208378049995019 51.53731719948211
7.323571190019669 51.34702433988746
8.38499179470137 51.306876609294186
7.712952605432421 51.26247225597556
7.976327692653238 51.086000427296604
8.195023093057614 50.93756363477725
8.217465915034863 51.564515837541585
7.6364887844812275 51.578439205078006
8.66465597888406 49.88129347050044
8.644357853890783 50.117790336957476
8.780757166401793 50.0908270351404
8.26047039128707 50.07902196470793
8.643320962016764 49.631429850932506
8.795518469023918 49.85537506605843
8.470142413143387 49.904747439351496
8.504527430741183 50.28150351331714
9.286443929920075 50.24377344071235
8.434566976794303 50.10242388701291
8.979689422376477 49.671522753567295
8.81164632684834 50.02156964931737
8.081221800144107 50.142026677515474
8.907282492058863 50.354717768345644
8.80763763109591 50.57027156798543
8.365368377754619 50.64796798514276
8.19927506156725 50.42738992704664
8.737746983964467 50.83677964143695
9.271322403856177 50.637960925345055
9.45951480176872 51.311088873067035
9.75939139821114 50.56403863611957
9.752976090024102 50.906206471018024
9.406863652901672 51.4013842455669
9.37382338261173 51.02369038585501
8.888989544081547 51.19063882863413
9.928858470892798 51.190589532203056
7.578991435537569 50.348685218876476
7.045311843720402 50.46774557365676
7.744196513060218 50.75068909581844
7.686521227604908 49.824896766220945
7.277492609278271 49.71263576204509
7.1744410124287095 50.13287559628326
7.332104893192079 50.33157797189559
7.469027851756712 50.55762462984299
7.500284450230851 50.044313983688205
7.842809120526691 50.26320806952521
7.865547093587296 50.55233595314599
6.654817123741158 49.76305527871672
6.967215659800794 49.92469670743352
6.41020736899804 50.06236303787845
6.7490992423186 50.23821059504708
6.69131607373025 49.70277050439533
8.356941913648011 49.53285717770464
7.761113047889803 49.432818663909856
8.110187650437313 49.196340530492584
8.396880623561417 49.48226368835883
8.241178362452336 49.97385547891457
8.152344202898545 49.3416015635715
7.594422517684045 49.19713745524407
8.434553737354516 49.32950172834808
8.324562347943143 49.64930997986985
7.365698951229297 49.24826786635337
8.157702623562846 49.759424630689345
8.11029443293366 49.45312578377089
7.914891951733232 49.63200305039381
8.246339119499051 49.11587395612666
7.684951906306082 49.446134162390166
7.4712687440280465 49.54972121492462
8.053214940274977 49.19074610415172
8.36019789967779 49.4167222730507
8.079573104083783 49.92210028568222
7.655179235351816 49.20760200094107
9.172168381123406 48.7747656106654
8.942798599677799 48.67817455786287
9.369228722451172 48.64807876852587
9.717653850322963 48.663178525504115
9.122947030998871 48.93980365127869
9.501085807686144 48.89907746868513
9.182613303649731 49.152894339877214
9.190050073129022 49.17506225642406
9.61439412181302 49.271726934399794
9.908954244041487 49.144506276566204
9.725185877709588 49.56067869117
10.182245923785745 48.662309151681136
10.090150297177482 48.87750061413686
8.232097617247325 48.74818142073326
8.41308864997961 49.01130792635111
8.562520831616718 49.08177837536858
8.239287368660744 48.759616056422225
8.694055047225497 49.40504375737898
8.500462511442121 49.499400663874326
9.280137966283457 49.46669930128388
8.766391924665394 49.36816965255158
8.712610051681727 48.876500829118655
8.63596987121892 48.679083937876996
8.737247374440607 48.914451254526256
8.465375284046198 48.474661067573116
7.818279545373254 47.99255758843938
7.924659855359117 47.924838485347216
7.897676267169081 48.148514794781434
8.016296849576175 48.42074499446927
8.53238414963143 48.254346173636215
8.411071583388525 48.019118782410594
8.794316723458206 48.01123647881196
8.912212043926713 47.798851889293715
7.774080892139213 47.70352652902193
8.21906838212498 47.69712598112307
9.36572145783348 48.406595955791445
8.98775773418756 48.48171259722116
8.93719277918095 48.26734659330087
9.950005149650936 48.39083941614252
9.827678576046287 48.40165854222732
9.77403186097526 48.10763288599007
9.400502026539112 47.73335552717151
9.780036282259713 47.82504295973124
9.240780879457397 48.03925466283419
11.39496500370006 48.75516665638876
11.547045204130509 48.153067537836435
12.109105442567692 47.84484687272585
12.70573768378358 48.20978895970639
12.901583908628686 47.69877335268381
11.483064063771309 47.72749766844265
11.357153848163744 48.334681234604886
11.91349160521698 48.076298490092846
11.370613828732274 48.89798325490706
12.00044119426945 48.30040838282855
11.740662614159072 48.44741049568585
11.201478877221064 48.1879064340302
11.129722983232037 47.556342072419824
10.949251649896668 48.024495003416014
11.80894224518589 47.74166705349643
12.381770690302954 48.23926566588104
11.631148268216446 48.074447826637005
11.197299183140371 48.664533439960366
11.52417537188656 48.59614987289156
12.161069345935022 47.877134252723266
11.281643591934374 48.00603740601504
12.579376566968921 47.89463650651871
11.048024894491148 47.78744557809945
12.159332653145352 48.54481527743423
13.414753835589561 48.58208126348834
12.573693920848633 48.8807345981232
13.000836174974902 48.778728410879374
13.51312277473901 48.82694445344307
11.857740111149944 48.82490047202238
12.19371532144541 48.5571645222792
13.366661507806665 48.558769844760405
13.099841437620352 49.02283294509568
12.867383464587148 48.424733041919794
12.581889655489768 48.898771056732016
12.610305319064372 48.641278791533985
11.845109499385577 49.450912058556376
12.113571296486548 49.013075080473946
12.154952016479566 49.66916037343612
11.80276729643279 49.485341901117486
12.694200919067098 49.23707426974564
11.566661171537438 49.21598131856986
12.100791530241183 49.68589754099458
12.120285131759928 49.021000405372654
12.252511175363834 49.36847589415824
12.200200532683777 49.89938648361041
10.898638630651734 49.88714088768515
11.585282928202341 49.93770953213905
10.964536090369522 50.26422575968931
11.897428088332084 50.31080749415583
10.884030519925904 49.89303955083189
11.556626172289281 49.88657714368568
10.944075206312805 50.26755927658828
11.173063756024849 49.72095815069073
11.823834650013271 50.27551639839744
11.37211377852368 50.32802406954729
11.48211350763188 50.10265344214402
11.11700315371955 50.109257414052216
12.041993662606533 50.09007758002138
10.563803564441926 49.29213913735648
10.978161335116228 49.582328207501895
10.965370219813309 49.49130902912205
11.07891193525358 49.436316491105394
11.0234921924633 49.33540368475609
10.472792721703344 49.25028902553564
10.915349607202879 49.63983889746492
10.849979519188137 49.44675033688432
11.369089994638799 49.491567321739716
10.465422910876173 49.56947110783953
11.123331261657885 49.20299060740015
10.893726104777999 49.03259472350678
9.145195039338006 49.96413434947586
10.22064696491419 50.046923841660295
9.940797953109819 49.78434789540817
9.237914896089292 50.008144981617995
9.96477053986106 50.22239427556099
10.254785275946892 50.37131361029998
10.606948639826198 50.062626282653454
10.256063619640317 49.75312720796887
9.234772182496096 49.757700688544666
9.66290874084359 49.99350838464944
10.258269669420732 50.01805194470002
9.928449373382225 49.741583862789305
10.885588788032546 48.34580386574204
10.616181296792364 47.87967281406691
10.308300689563717 47.7381402112894
10.163494085314857 47.979149520054186
11.05286763099764 48.42747653086663
10.732193459291336 48.35418571580257
10.527710739819716 48.59627697129834
10.381124220745495 48.35289731157198
10.141553316957252 48.29813414787018
9.882921923630684 47.60518334928313
10.639181555160363 47.77326992235624
10.39141735870702 48.04021468667178
10.712388672286552 48.80697670107699
10.260774257933882 47.579277627139994
6.9570965019441005 49.251344048838824
6.680526561473668 49.495585825509046
7.116879610082861 49.37554280742521
6.775945078143123 49.355423526026705
7.242147509245859 49.2487391509889
7.100537941293918 49.51933647448553
13.402275047753047 52.50134718596002
12.518476087474966 52.40182105123041
14.366736415416598 51.772527887907415
14.490365099284604 52.32465427103075
13.02880342520269 52.42603510191967
13.703774689437058 52.82305773476706
13.820161128493005 52.04211973051917
13.45959914458513 51.61236356551743
12.628312706558946 52.62073000000005
14.146616853779472 52.60671708928656
13.205155972859162 52.90660373448564
13.94387127037367 51.61625836270343
14.218970504985112 52.24404048724249
12.636054727736642 52.99139818073731
12.68915894620072 52.246399889899514
11.961832538235038 53.10933230400649
14.426993659004088 51.75999138256899
13.276204718508131 52.07327286755079
13.860978188333553 53.205790731483454
12.143606643481737 54.14756891073801
11.416221526400307 53.62169299140455
13.002387680308548 53.543759509881866
12.221052624169292 53.91192081399781
12.8140430572103 54.2132706160783
11.248730993639407 53.81865053787944
13.758388619773182 53.76878445301702
11.534093593770967 53.44990681437447
12.912025549750581 50.826175058295725
12.945164296937135 50.60900878635511
13.137519887995545 50.95591788802143
12.235130841704574 50.45705151054644
12.525847291122746 50.75092981316518
13.783897579633063 51.06633545688169
14.2310123702979 51.26888382427904
14.750908090697147 51.22568301242693
13.483364533468379 51.23948907990827
13.87343859574487 50.91666187284436
12.374589883735496 51.34222466724523
12.59948617017609 51.221514675027834
12.779653628014133 51.47274831796234
12.231253742565418 51.85350081670112
11.968711784511784 51.47987502252574
11.641310508534737 52.11652943264438
11.227116563906439 52.680117000848334
12.14333563319825 51.79533596325116
11.348195416408254 52.22083835476163
11.883356652749814 51.147049663599866
10.958565771126887 51.82127916202884
12.026960487302574 52.2608892204577
11.356499804669205 51.53556733786217
11.874625865075275 51.43025531570029
11.642702129801092 51.85162872109499
11.839719225011146 52.69759185328911
12.701691753484385 51.820105007163285
11.020146602414757 50.98322765051204
12.082437553122979 50.89393923159473
11.587054861537773 50.92450880606186
10.688194901147307 50.61172597828315
11.31792933763639 50.978091731980946
10.300132664019385 50.9897501061412
10.253458546855763 51.383721636619455
10.731042357284352 51.502222859715474
10.21087668453108 50.885782183935575
10.551707132076427 51.185160593085236
10.984934122178938 51.32469219458683
10.405173532413983 50.63060027502001
10.693889837683688 50.91063567951162
11.154598291052341 51.15775086324719
10.734141094068328 50.43392679552584
10.966510545217108 50.7378786701491
11.36807206518636 50.97220815561564
11.133149453012697 50.41456764856373
11.308960781111315 50.63786268388003
11.731390050887066 50.904144199148554
11.710581192112432 50.58078304724867
12.074147713262576 50.74867481057442
12.399112325189853 50.956350958091406
